# Flux (Phi0), res freq (GHz)
-1.000e+00 6.960e+00
-9.833e-01 6.960e+00
-9.667e-01 6.960e+00
-9.500e-01 6.960e+00
-9.333e-01 6.960e+00
-9.167e-01 6.960e+00
-9.000e-01 6.960e+00
-8.833e-01 6.960e+00
-8.667e-01 6.960e+00
-8.500e-01 6.960e+00
-8.333e-01 6.960e+00
-8.167e-01 6.960e+00
-8.000e-01 6.960e+00
-7.833e-01 6.960e+00
-7.667e-01 6.960e+00
-7.500e-01 6.958e+00
-7.333e-01 6.965e+00
-7.167e-01 6.964e+00
-7.000e-01 6.963e+00
-6.833e-01 6.962e+00
-6.667e-01 6.962e+00
-6.500e-01 6.962e+00
-6.333e-01 6.961e+00
-6.167e-01 6.962e+00
-6.000e-01 6.962e+00
-5.833e-01 6.962e+00
-5.667e-01 6.962e+00
-5.500e-01 6.962e+00
-5.333e-01 6.962e+00
-5.167e-01 6.962e+00
-5.000e-01 6.962e+00
-4.833e-01 6.963e+00
-4.667e-01 6.962e+00
-4.500e-01 6.962e+00
-4.333e-01 6.962e+00
-4.167e-01 6.962e+00
-4.000e-01 6.962e+00
-3.833e-01 6.962e+00
-3.667e-01 6.962e+00
-3.500e-01 6.962e+00
-3.333e-01 6.963e+00
-3.167e-01 6.963e+00
-3.000e-01 6.964e+00
-2.833e-01 6.956e+00
-2.667e-01 6.959e+00
-2.500e-01 6.960e+00
-2.333e-01 6.960e+00
-2.167e-01 6.960e+00
-2.000e-01 6.960e+00
-1.833e-01 6.960e+00
-1.667e-01 6.960e+00
-1.500e-01 6.960e+00
-1.333e-01 6.960e+00
-1.167e-01 6.960e+00
-1.000e-01 6.960e+00
-8.333e-02 6.960e+00
-6.667e-02 6.960e+00
-5.000e-02 6.960e+00
-3.333e-02 6.960e+00
-1.667e-02 6.960e+00
0.000e+00 6.960e+00
1.667e-02 6.960e+00
3.333e-02 6.960e+00
5.000e-02 6.960e+00
6.667e-02 6.960e+00
8.333e-02 6.960e+00
1.000e-01 6.960e+00
1.167e-01 6.960e+00
1.333e-01 6.960e+00
1.500e-01 6.960e+00
1.667e-01 6.960e+00
1.833e-01 6.960e+00
2.000e-01 6.960e+00
2.167e-01 6.960e+00
2.333e-01 6.960e+00
2.500e-01 6.960e+00
2.667e-01 6.958e+00
2.833e-01 6.965e+00
3.000e-01 6.965e+00
3.167e-01 6.963e+00
3.333e-01 6.962e+00
3.500e-01 6.962e+00
3.667e-01 6.962e+00
3.833e-01 6.962e+00
4.000e-01 6.962e+00
4.167e-01 6.962e+00
4.333e-01 6.962e+00
4.500e-01 6.962e+00
4.667e-01 6.963e+00
4.833e-01 6.963e+00
5.000e-01 6.962e+00
5.167e-01 6.963e+00
5.333e-01 6.963e+00
5.500e-01 6.963e+00
5.667e-01 6.962e+00
5.833e-01 6.962e+00
6.000e-01 6.962e+00
6.167e-01 6.962e+00
6.333e-01 6.962e+00
6.500e-01 6.962e+00
6.667e-01 6.963e+00
6.833e-01 6.963e+00
7.000e-01 6.964e+00
7.167e-01 6.965e+00
7.333e-01 6.957e+00
7.500e-01 6.959e+00
7.667e-01 6.960e+00
7.833e-01 6.960e+00
8.000e-01 6.960e+00
8.167e-01 6.960e+00
8.333e-01 6.960e+00
8.500e-01 6.960e+00
8.667e-01 6.960e+00
8.833e-01 6.960e+00
9.000e-01 6.960e+00
9.167e-01 6.960e+00
9.333e-01 6.960e+00
9.500e-01 6.960e+00
9.667e-01 6.960e+00
9.833e-01 6.960e+00
1.000e+00 6.960e+00
