# flux (Phi0), T1(s)
5.000e-01 1.500e-04
4.833e-01 9.000e-05
4.667e-01 6.000e-05
4.333e-01 2.600e-05
4.167e-01 3.400e-05
4.000e-01 2.100e-05
3.833e-01 1.630e-05
3.667e-01 1.666e-05
3.333e-01 2.117e-05
3.167e-01 9.380e-06
3.125e-01 8.080e-06
3.083e-01 5.280e-06
3.042e-01 8.480e-06
2.750e-01 1.042e-05
2.667e-01 1.414e-05
2.500e-01 1.220e-05
2.333e-01 9.810e-06
1.833e-01 7.500e-06
1.667e-01 1.000e-05
1.500e-01 9.180e-06
1.333e-01 6.140e-06
1.167e-01 6.820e-06
1.000e-01 3.820e-06
8.333e-02 1.020e-06
6.667e-02 8.400e-07
5.000e-02 1.500e-06
3.333e-02 7.530e-06
1.667e-02 6.000e-06
