6E-5	81	0.5	254340	2
6E-5	86	0.5	270040	2
6E-5	111	0.5	348540	2
6E-5	150	0.5	471000	2
6E-5	110	0.5	345400	2
5.8E-5	107	0.5	335980	2
5.8E-5	120	0.5	376800	2
5.8E-5	126	0.5	395640	2
5.6E-5	85	1	533800	1
5.6E-5	90	1	565200	1
5.6E-5	80	1	502400	1
5.2E-5	60	2	753600	0.5
5.2E-5	50	2	628000	0.5
5.2E-5	45	2	565200	0.5
5E-5	18	3.37	380944.8	0.29674
5E-5	26	3.37	550253.6	0.29674
5E-5	19	3.37	402108.4	0.29674
5E-5	16.9	3.37	357664.84	0.29674
4.8E-5	21.03	3.8	501859.92	0.26316
4.8E-5	14.16	3.8	337914.24	0.26316
4.8E-5	34	3.8	811376	0.26316
4.8E-5	17	3.8	405688	0.26316
4.8E-5	29.79	3.8	710908.56	0.26316
4.6E-5	17.6	4.27	471954.56	0.23419
4.6E-5	21	4.27	563127.6	0.23419
4.4E-5	10.52	4.5	297295.2	0.22222
4.4E-5	14	4.5	395640	0.22222
4.4E-5	16.3	4.5	460638	0.22222
4.4E-5	15.2	4.5	429552	0.22222
4E-5	14.19	5.7	507945.24	0.17544
4E-5	13.43	5.7	480740.28	0.17544
4E-5	12.42	5.7	444586.32	0.17544
4E-5	16.66	5.7	596361.36	0.17544
4E-5	12.53	5.7	448523.88	0.17544
3.8E-5	11.41	6.3	451425.24	0.15873
3.8E-5	21.17	6.3	837569.88	0.15873
3.8E-5	18.71	6.3	740242.44	0.15873
3.75E-5	7.38	6.4	296616.96	0.15625
3.75E-5	7.72	6.4	310282.24	0.15625
3.75E-5	9.38	6.4	377000.96	0.15625
3.75E-5	6.39	6.4	256826.88	0.15625
3.75E-5	7.9	6.4	317516.8	0.15625
3.7E-5	7.07	6.6	293037.36	0.15152
3.7E-5	8.08	6.6	334899.84	0.15152
3.7E-5	7.06	6.6	292622.88	0.15152
3.65E-5	5.28	6.7	222161.28	0.14925
3.3E-5	5.69	7.5	267999	0.13333
3.3E-5	8.48	7.5	399408	0.13333
3.3E-5	5.69	7.5	267999	0.13333
3.3E-5	8.48	7.5	399408	0.13333
3.3E-5	4.15	7.5	195465	0.13333
3.3E-5	3.95	7.5	186045	0.13333
3.2E-5	8.99	7.8	440366.16	0.12821
3.2E-5	6.88	7.8	337009.92	0.12821
3.2E-5	6.7	7.8	328192.8	0.12821
3.2E-5	7.56	7.8	370319.04	0.12821
3.2E-5	9.17	7.8	449183.28	0.12821
3.2E-5	8.15	7.8	399219.6	0.12821
3.2E-5	4.75	7.8	232674	0.12821
3.2E-5	9.82	7.8	481022.88	0.12821
3.2E-5	7.1	7.8	347786.4	0.12821
3.2E-5	10.42	7.8	510413.28	0.12821
3.2E-5	4.39	7.8	215039.76	0.12821
3.2E-5	9.47	7.8	463878.48	0.12821
3.2E-5	3.12	7.8	152830.08	0.12821
3.2E-5	4.7	7.8	230224.8	0.12821
3.2E-5	1.44	7.8	70536.96	0.12821
3.2E-5	3.19	7.8	156258.96	0.12821
3.2E-5	5.65	7.8	276759.6	0.12821
3.2E-5	3.05	7.8	149401.2	0.12821
3.2E-5	3.7	7.8	181240.8	0.12821
3E-5	9.97	8.35	522806.86	0.11976
3E-5	10	8.35	524380	0.11976
3E-5	14.14	8.35	741473.32	0.11976
3E-5	9	8.35	471942	0.11976
3E-5	12.67	8.35	664389.46	0.11976
3E-5	8.12	8.35	425796.56	0.11976
2.8E-5	8.39	8.8	463664.96	0.11364
2.8E-5	11.67	8.8	644930.88	0.11364
2.8E-5	8.81	8.8	486875.84	0.11364
2.8E-5	12.2	8.8	674220.8	0.11364
2.8E-5	8.91	8.8	492402.24	0.11364
2.8E-5	9.92	8.8	548218.88	0.11364
2.8E-5	8.65	8.8	478033.6	0.11364
2.2E-5	6.7	10.35	435486.6	0.09662
2.2E-5	8.21	10.35	533633.58	0.09662
2.2E-5	9.81	10.35	637630.38	0.09662
2E-5	7.5	10.78	507738	0.09276
1.8E-5	7.22	11.28	511453.248	0.08865
1.8E-5	9	11.28	637545.6	0.08865
1.8E-5	8.5	11.28	602126.4	0.08865
1.8E-5	8.9	11.28	630461.76	0.08865
1.8E-5	10	11.28	708384	0.08865
1.6E-5	7.33	11.8	543182.32	0.08475
1.6E-5	7.39	11.8	547628.56	0.08475
1.6E-5	9.18	11.8	680274.72	0.08475
1.4E-5	4.87	12.3	376178.28	0.0813
1.4E-5	5.57	12.3	430249.08	0.0813
1.4E-5	6.14	12.3	474278.16	0.0813
1.2E-5	6.82	12.85	550360.36	0.07782
1.2E-5	4.52	12.85	364754.96	0.07782
1.2E-5	3.29	12.85	265496.42	0.07782
1.2E-5	6.68	12.85	539062.64	0.07782
1.2E-5	3.23	12.85	260654.54	0.07782
1E-5	3.82	13.4	321460.64	0.07463
1E-5	3.33	13.4	280226.16	0.07463
1E-5	3.8	13.4	319777.6	0.07463
1E-5	2.03	13.4	170828.56	0.07463
1E-5	3.62	13.4	304630.24	0.07463
1E-5	3.37	13.4	283592.24	0.07463
8E-6	0.95	13.85	82629.1	0.0722
8E-6	0.71	13.85	61754.38	0.0722
8E-6	0.78	13.85	67842.84	0.0722
8E-6	0.65	13.85	56535.7	0.0722
8E-6	0.68	13.85	59145.04	0.0722
8E-6	1.02	13.85	88717.56	0.0722
6E-6	0.84	14.4	75962.88	0.06944
6E-6	0.79	14.4	71441.28	0.06944
6E-6	0.69	14.4	62398.08	0.06944
6E-6	0.58	14.4	52450.56	0.06944
4E-6	0.64	14.8	59484.16	0.06757
4E-6	0.44	14.8	40895.36	0.06757
4E-6	1.21	14.8	112462.24	0.06757
4E-6	1.5	14.8	139416	0.06757
2E-6	6.73	15.25	644532.1	0.06557
2E-6	5.02	15.25	480765.4	0.06557
2E-6	4.84	15.25	463526.8	0.06557
2E-6	7.53	15.25	721148.1	0.06557
2E-6	4.53	15.25	433838.1	0.06557
0	3.18	15.5	309541.2	0.06452
0	5.55	15.5	540237	0.06452
0	5.34	15.5	519795.6	0.06452
0	6	15.5	584040	0.06452
