-0.80645161290323	6.733	0.003995159509282
-0.80645161290323	6.7332	0.004234933445498
-0.80645161290323	6.7334	0.004197265549552
-0.80645161290323	6.7336	0.004090299574184
-0.80645161290323	6.7338	0.004220232601558
-0.80645161290323	6.734	0.004052744849555
-0.80645161290323	6.7342	0.004135300179075
-0.80645161290323	6.7344	0.004015447584713
-0.80645161290323	6.7346	0.004075441414895
-0.80645161290323	6.7348	0.003991343244785
-0.80645161290323	6.735	0.003959030465476
-0.80645161290323	6.7352	0.004009550518537
-0.80645161290323	6.7354	0.004153666175104
-0.80645161290323	6.7356	0.003996295478829
-0.80645161290323	6.7358	0.004131708039352
-0.80645161290323	6.736	0.003903386328382
-0.80645161290323	6.7362	0.004061611866217
-0.80645161290323	6.7364	0.003871865885203
-0.80645161290323	6.7366	0.003805307285124
-0.80645161290323	6.7368	0.003690222604804
-0.80645161290323	6.737	0.003805880862699
-0.80645161290323	6.7372	0.00373209632724
-0.80645161290323	6.7374	0.003869735623376
-0.80645161290323	6.7376	0.003806428688048
-0.80645161290323	6.7378	0.003799744703009
-0.80645161290323	6.738	0.003718703572888
-0.80645161290323	6.7382	0.003552954251951
-0.80645161290323	6.7384	0.003639225116951
-0.80645161290323	6.7386	0.003661409695646
-0.80645161290323	6.7388	0.003491835118535
-0.80645161290323	6.739	0.003277432090567
-0.80645161290323	6.7392	0.003211781136221
-0.80645161290323	6.7394	0.00247261660051
-0.80645161290323	6.7396	0.001301410960893
-0.80645161290323	6.7398	8.96034367034E-4
-0.80645161290323	6.74	0.002290921691513
-0.80645161290323	6.7402	0.003398007717009
-0.80645161290323	6.7404	0.003635480154002
-0.80645161290323	6.7406	0.003819035168429
-0.80645161290323	6.7408	0.003841253935955
-0.80645161290323	6.741	0.003967408843359
-0.80645161290323	6.7412	0.003837767295151
-0.80645161290323	6.7414	0.003947343459223
-0.80645161290323	6.7416	0.003823919641824
-0.80645161290323	6.7418	0.003979405805381
-0.80645161290323	6.742	0.003882439473024
-0.80645161290323	6.7422	0.003961217499311
-0.80645161290323	6.7424	0.003836584090793
-0.80645161290323	6.7426	0.00379290068812
-0.80645161290323	6.7428	0.003853474768463
-0.80645161290323	6.743	0.003797682198012
-0.80645161290323	6.7432	0.003829878679846
-0.725806451612908	6.733	0.004149062013128
-0.725806451612908	6.7332	0.004225585750744
-0.725806451612908	6.7334	0.004150868366528
-0.725806451612908	6.7336	0.004131183090471
-0.725806451612908	6.7338	0.004155468275861
-0.725806451612908	6.734	0.003941596419191
-0.725806451612908	6.7342	0.004124275982814
-0.725806451612908	6.7344	0.004054829724177
-0.725806451612908	6.7346	0.004005779685134
-0.725806451612908	6.7348	0.004056942994853
-0.725806451612908	6.735	0.004077369018652
-0.725806451612908	6.7352	0.004056998003812
-0.725806451612908	6.7354	0.003909929022676
-0.725806451612908	6.7356	0.003906574052678
-0.725806451612908	6.7358	0.003966009919233
-0.725806451612908	6.736	0.003932346210448
-0.725806451612908	6.7362	0.00396952638406
-0.725806451612908	6.7364	0.004005521036812
-0.725806451612908	6.7366	0.003905970332022
-0.725806451612908	6.7368	0.003744168763998
-0.725806451612908	6.737	0.003924495195246
-0.725806451612908	6.7372	0.003676500099112
-0.725806451612908	6.7374	0.003835784733774
-0.725806451612908	6.7376	0.00357259168915
-0.725806451612908	6.7378	0.00357278790886
-0.725806451612908	6.738	0.003575936241353
-0.725806451612908	6.7382	0.003665795683999
-0.725806451612908	6.7384	0.003404183912361
-0.725806451612908	6.7386	0.003231063478114
-0.725806451612908	6.7388	0.002778479673154
-0.725806451612908	6.739	0.001799400536357
-0.725806451612908	6.7392	0.001243120706422
-0.725806451612908	6.7394	0.001828488638375
-0.725806451612908	6.7396	0.003047230316602
-0.725806451612908	6.7398	0.003533974186105
-0.725806451612908	6.74	0.003786608041722
-0.725806451612908	6.7402	0.003710779326654
-0.725806451612908	6.7404	0.004079195704174
-0.725806451612908	6.7406	0.003840395359343
-0.725806451612908	6.7408	0.003950250380972
-0.725806451612908	6.741	0.003879947500346
-0.725806451612908	6.7412	0.003868743477025
-0.725806451612908	6.7414	0.003986441393907
-0.725806451612908	6.7416	0.003930603598134
-0.725806451612908	6.7418	0.003943527097896
-0.725806451612908	6.742	0.003833424278643
-0.725806451612908	6.7422	0.003877156593362
-0.725806451612908	6.7424	0.003805521862798
-0.725806451612908	6.7426	0.003717115793371
-0.725806451612908	6.7428	0.003821009945045
-0.725806451612908	6.743	0.003762613972125
-0.725806451612908	6.7432	0.003841686264247
-0.645161290322587	6.733	0.004145683514736
-0.645161290322587	6.7332	0.004049572143996
-0.645161290322587	6.7334	0.004188869578038
-0.645161290322587	6.7336	0.004157831994319
-0.645161290322587	6.7338	0.004126919397147
-0.645161290322587	6.734	0.004016589816628
-0.645161290322587	6.7342	0.003965328456965
-0.645161290322587	6.7344	0.004004787227634
-0.645161290322587	6.7346	0.004112626817174
-0.645161290322587	6.7348	0.004109665209593
-0.645161290322587	6.735	0.003996310257674
-0.645161290322587	6.7352	0.003878948568907
-0.645161290322587	6.7354	0.003930456053988
-0.645161290322587	6.7356	0.00391484152314
-0.645161290322587	6.7358	0.004007715933408
-0.645161290322587	6.736	0.003763387269658
-0.645161290322587	6.7362	0.00389780161476
-0.645161290322587	6.7364	0.003939543676479
-0.645161290322587	6.7366	0.003815730225059
-0.645161290322587	6.7368	0.003745619686213
-0.645161290322587	6.737	0.003759727623584
-0.645161290322587	6.7372	0.00370072503325
-0.645161290322587	6.7374	0.003672950450829
-0.645161290322587	6.7376	0.003593166189482
-0.645161290322587	6.7378	0.00338437366386
-0.645161290322587	6.738	0.003239456774309
-0.645161290322587	6.7382	0.002808612469149
-0.645161290322587	6.7384	0.002371452567462
-0.645161290322587	6.7386	0.001290465020039
-0.645161290322587	6.7388	0.001256270943616
-0.645161290322587	6.739	0.002923519533106
-0.645161290322587	6.7392	0.003597794503998
-0.645161290322587	6.7394	0.003784921527336
-0.645161290322587	6.7396	0.003992302447885
-0.645161290322587	6.7398	0.003955186436279
-0.645161290322587	6.74	0.003964327353586
-0.645161290322587	6.7402	0.003774606475819
-0.645161290322587	6.7404	0.003922158814888
-0.645161290322587	6.7406	0.004014259107849
-0.645161290322587	6.7408	0.003920771043374
-0.645161290322587	6.741	0.004026964174371
-0.645161290322587	6.7412	0.00379329332369
-0.645161290322587	6.7414	0.003800345668691
-0.645161290322587	6.7416	0.003798409037212
-0.645161290322587	6.7418	0.003866929619352
-0.645161290322587	6.742	0.003895312220711
-0.645161290322587	6.7422	0.00379574810793
-0.645161290322587	6.7424	0.003837858537379
-0.645161290322587	6.7426	0.003870497632229
-0.645161290322587	6.7428	0.003913830180757
-0.645161290322587	6.743	0.003847074083638
-0.645161290322587	6.7432	0.003904467175087
-0.564516129032266	6.733	0.004102335114996
-0.564516129032266	6.7332	0.004131769890021
-0.564516129032266	6.7334	0.004066246104963
-0.564516129032266	6.7336	0.003914199472118
-0.564516129032266	6.7338	0.004166653435838
-0.564516129032266	6.734	0.003964515512191
-0.564516129032266	6.7342	0.004136388953978
-0.564516129032266	6.7344	0.004094150731959
-0.564516129032266	6.7346	0.003941753911117
-0.564516129032266	6.7348	0.003961455326152
-0.564516129032266	6.735	0.003999516947049
-0.564516129032266	6.7352	0.003862108419274
-0.564516129032266	6.7354	0.004000928608798
-0.564516129032266	6.7356	0.003850395166716
-0.564516129032266	6.7358	0.00385962639512
-0.564516129032266	6.736	0.003833414231059
-0.564516129032266	6.7362	0.003965836178196
-0.564516129032266	6.7364	0.003863620997278
-0.564516129032266	6.7366	0.003897181734226
-0.564516129032266	6.7368	0.003581886821893
-0.564516129032266	6.737	0.003637647095057
-0.564516129032266	6.7372	0.003552075138745
-0.564516129032266	6.7374	0.003379494429644
-0.564516129032266	6.7376	0.003060063408583
-0.564516129032266	6.7378	0.00274901562577
-0.564516129032266	6.738	0.002201753767515
-0.564516129032266	6.7382	0.001148748896999
-0.564516129032266	6.7384	0.002302857936629
-0.564516129032266	6.7386	0.003376073821472
-0.564516129032266	6.7388	0.003738244112407
-0.564516129032266	6.739	0.003638970875855
-0.564516129032266	6.7392	0.003911117960989
-0.564516129032266	6.7394	0.003843893860901
-0.564516129032266	6.7396	0.003972166921918
-0.564516129032266	6.7398	0.003890242592979
-0.564516129032266	6.74	0.003717497851862
-0.564516129032266	6.7402	0.003977958673198
-0.564516129032266	6.7404	0.004046819392339
-0.564516129032266	6.7406	0.003816420639397
-0.564516129032266	6.7408	0.003862844248241
-0.564516129032266	6.741	0.00394307430456
-0.564516129032266	6.7412	0.003829645227872
-0.564516129032266	6.7414	0.003823763327902
-0.564516129032266	6.7416	0.003776084141967
-0.564516129032266	6.7418	0.003998027831458
-0.564516129032266	6.742	0.003888148356098
-0.564516129032266	6.7422	0.003849957987962
-0.564516129032266	6.7424	0.003883474494786
-0.564516129032266	6.7426	0.003831147880302
-0.564516129032266	6.7428	0.003816044256634
-0.564516129032266	6.743	0.003916407048093
-0.564516129032266	6.7432	0.003802997189146
-0.483870967741944	6.733	0.004056872584537
-0.483870967741944	6.7332	0.004159945201037
-0.483870967741944	6.7334	0.004163594831162
-0.483870967741944	6.7336	0.004080794495076
-0.483870967741944	6.7338	0.004074992772365
-0.483870967741944	6.734	0.00388977021044
-0.483870967741944	6.7342	0.004135449225503
-0.483870967741944	6.7344	0.00393114461355
-0.483870967741944	6.7346	0.003941284750488
-0.483870967741944	6.7348	0.004194107205602
-0.483870967741944	6.735	0.003943837369553
-0.483870967741944	6.7352	0.003868151387761
-0.483870967741944	6.7354	0.004043116077976
-0.483870967741944	6.7356	0.003943526045004
-0.483870967741944	6.7358	0.003913893296339
-0.483870967741944	6.736	0.003901713883382
-0.483870967741944	6.7362	0.003807789372649
-0.483870967741944	6.7364	0.003723887756822
-0.483870967741944	6.7366	0.003710421540824
-0.483870967741944	6.7368	0.00359962384353
-0.483870967741944	6.737	0.003230961180483
-0.483870967741944	6.7372	0.002996976606217
-0.483870967741944	6.7374	0.002658773658303
-0.483870967741944	6.7376	0.001781656066198
-0.483870967741944	6.7378	0.001065217150134
-0.483870967741944	6.738	0.002257331285811
-0.483870967741944	6.7382	0.002931045531777
-0.483870967741944	6.7384	0.003556737524939
-0.483870967741944	6.7386	0.003685082188848
-0.483870967741944	6.7388	0.0038447419738
-0.483870967741944	6.739	0.003882935915174
-0.483870967741944	6.7392	0.003831948939963
-0.483870967741944	6.7394	0.003913319701128
-0.483870967741944	6.7396	0.003920880858998
-0.483870967741944	6.7398	0.004035287664252
-0.483870967741944	6.74	0.003919623482142
-0.483870967741944	6.7402	0.003860415633538
-0.483870967741944	6.7404	0.003934279053766
-0.483870967741944	6.7406	0.003931561907899
-0.483870967741944	6.7408	0.003836688717067
-0.483870967741944	6.741	0.003927262929174
-0.483870967741944	6.7412	0.003987678977869
-0.483870967741944	6.7414	0.003992334620629
-0.483870967741944	6.7416	0.004025095136523
-0.483870967741944	6.7418	0.003939756224993
-0.483870967741944	6.742	0.004010151332189
-0.483870967741944	6.7422	0.004009117133945
-0.483870967741944	6.7424	0.003776281952803
-0.483870967741944	6.7426	0.003805813873031
-0.483870967741944	6.7428	0.003931824459566
-0.483870967741944	6.743	0.003923236419965
-0.483870967741944	6.7432	0.003838160206461
-0.403225806451623	6.733	0.004034737475918
-0.403225806451623	6.7332	0.004248781721053
-0.403225806451623	6.7334	0.004081154401284
-0.403225806451623	6.7336	0.004011944654336
-0.403225806451623	6.7338	0.004056696067544
-0.403225806451623	6.734	0.003939956523744
-0.403225806451623	6.7342	0.00416753155082
-0.403225806451623	6.7344	0.003956082254941
-0.403225806451623	6.7346	0.003913466815215
-0.403225806451623	6.7348	0.003965885250818
-0.403225806451623	6.735	0.00387990782192
-0.403225806451623	6.7352	0.003911860490644
-0.403225806451623	6.7354	0.004055138140412
-0.403225806451623	6.7356	0.00394677464663
-0.403225806451623	6.7358	0.00374405633903
-0.403225806451623	6.736	0.003667705058563
-0.403225806451623	6.7362	0.003818066192202
-0.403225806451623	6.7364	0.003592851296308
-0.403225806451623	6.7366	0.00327525371186
-0.403225806451623	6.7368	0.003125060938919
-0.403225806451623	6.737	0.002825504917612
-0.403225806451623	6.7372	0.002145184459053
-0.403225806451623	6.7374	0.001114575306897
-0.403225806451623	6.7376	0.001758624271673
-0.403225806451623	6.7378	0.003096915839095
-0.403225806451623	6.738	0.003434862064832
-0.403225806451623	6.7382	0.003832600767495
-0.403225806451623	6.7384	0.003863672817749
-0.403225806451623	6.7386	0.003956547586313
-0.403225806451623	6.7388	0.004015872999908
-0.403225806451623	6.739	0.004060064792839
-0.403225806451623	6.7392	0.004104466502361
-0.403225806451623	6.7394	0.00401212197373
-0.403225806451623	6.7396	0.003953236528095
-0.403225806451623	6.7398	0.00395325906361
-0.403225806451623	6.74	0.00406608273992
-0.403225806451623	6.7402	0.003839325063511
-0.403225806451623	6.7404	0.003907133469362
-0.403225806451623	6.7406	0.003966528804667
-0.403225806451623	6.7408	0.003882224984863
-0.403225806451623	6.741	0.003841677094877
-0.403225806451623	6.7412	0.003904515659477
-0.403225806451623	6.7414	0.003923279882026
-0.403225806451623	6.7416	0.003811484737428
-0.403225806451623	6.7418	0.003859473960649
-0.403225806451623	6.742	0.00395084002201
-0.403225806451623	6.7422	0.004013880075151
-0.403225806451623	6.7424	0.003952745726005
-0.403225806451623	6.7426	0.003993183657484
-0.403225806451623	6.7428	0.003857840683485
-0.403225806451623	6.743	0.003784049019672
-0.403225806451623	6.7432	0.003964391180567
-0.322580645161301	6.733	0.004138612474406
-0.322580645161301	6.7332	0.004130675669841
-0.322580645161301	6.7334	0.004182554523063
-0.322580645161301	6.7336	0.004095902626997
-0.322580645161301	6.7338	0.004159286256217
-0.322580645161301	6.734	0.00417189650709
-0.322580645161301	6.7342	0.004045303513863
-0.322580645161301	6.7344	0.003930875679358
-0.322580645161301	6.7346	0.003907061593036
-0.322580645161301	6.7348	0.00406248231038
-0.322580645161301	6.735	0.004119436589882
-0.322580645161301	6.7352	0.003841228472535
-0.322580645161301	6.7354	0.004039377162764
-0.322580645161301	6.7356	0.003798581221151
-0.322580645161301	6.7358	0.003572870545179
-0.322580645161301	6.736	0.003573286173759
-0.322580645161301	6.7362	0.00352465014057
-0.322580645161301	6.7364	0.003360175680008
-0.322580645161301	6.7366	0.00295313628255
-0.322580645161301	6.7368	0.002517281708004
-0.322580645161301	6.737	0.001715304351086
-0.322580645161301	6.7372	0.00106420125794
-0.322580645161301	6.7374	0.002479152598987
-0.322580645161301	6.7376	0.003418853200689
-0.322580645161301	6.7378	0.003640630526074
-0.322580645161301	6.738	0.003823600610758
-0.322580645161301	6.7382	0.003877358544896
-0.322580645161301	6.7384	0.003894985924365
-0.322580645161301	6.7386	0.003955406948058
-0.322580645161301	6.7388	0.004030813326321
-0.322580645161301	6.739	0.003964756983644
-0.322580645161301	6.7392	0.00394653962268
-0.322580645161301	6.7394	0.004071775760096
-0.322580645161301	6.7396	0.003886000631316
-0.322580645161301	6.7398	0.003833971791624
-0.322580645161301	6.74	0.004019078426036
-0.322580645161301	6.7402	0.003872563480557
-0.322580645161301	6.7404	0.003887211259682
-0.322580645161301	6.7406	0.003990807323236
-0.322580645161301	6.7408	0.00407853193739
-0.322580645161301	6.741	0.003940445543343
-0.322580645161301	6.7412	0.003913257200352
-0.322580645161301	6.7414	0.00394656128161
-0.322580645161301	6.7416	0.004125075853516
-0.322580645161301	6.7418	0.003768314213556
-0.322580645161301	6.742	0.004024731371942
-0.322580645161301	6.7422	0.003891284176844
-0.322580645161301	6.7424	0.003760025539439
-0.322580645161301	6.7426	0.00393837108927
-0.322580645161301	6.7428	0.004020374665753
-0.322580645161301	6.743	0.003768830286877
-0.322580645161301	6.7432	0.003817060104628
-0.24193548387098	6.733	0.004199824146173
-0.24193548387098	6.7332	0.004049972791155
-0.24193548387098	6.7334	0.004148224942955
-0.24193548387098	6.7336	0.003978644302374
-0.24193548387098	6.7338	0.003997060695136
-0.24193548387098	6.734	0.004071202142711
-0.24193548387098	6.7342	0.004030043427457
-0.24193548387098	6.7344	0.004002156563519
-0.24193548387098	6.7346	0.004029994625523
-0.24193548387098	6.7348	0.004028922419137
-0.24193548387098	6.735	0.003975267836786
-0.24193548387098	6.7352	0.003763088623977
-0.24193548387098	6.7354	0.003832064197724
-0.24193548387098	6.7356	0.003767122893383
-0.24193548387098	6.7358	0.003652881666844
-0.24193548387098	6.736	0.003621290764149
-0.24193548387098	6.7362	0.003508724142713
-0.24193548387098	6.7364	0.003137144260544
-0.24193548387098	6.7366	0.002688832622847
-0.24193548387098	6.7368	0.001448606397263
-0.24193548387098	6.737	0.001120586429589
-0.24193548387098	6.7372	0.002617245839327
-0.24193548387098	6.7374	0.003415187033367
-0.24193548387098	6.7376	0.003775885887779
-0.24193548387098	6.7378	0.003947162385108
-0.24193548387098	6.738	0.004004763804724
-0.24193548387098	6.7382	0.00398226580408
-0.24193548387098	6.7384	0.003995061599497
-0.24193548387098	6.7386	0.004029633144169
-0.24193548387098	6.7388	0.003933217851252
-0.24193548387098	6.739	0.00403190873775
-0.24193548387098	6.7392	0.004034292508748
-0.24193548387098	6.7394	0.003993823934118
-0.24193548387098	6.7396	0.004028424132656
-0.24193548387098	6.7398	0.0039023884162
-0.24193548387098	6.74	0.00407984007838
-0.24193548387098	6.7402	0.003954034604144
-0.24193548387098	6.7404	0.003995680188307
-0.24193548387098	6.7406	0.003902026637929
-0.24193548387098	6.7408	0.003885576079592
-0.24193548387098	6.741	0.003935856746862
-0.24193548387098	6.7412	0.004046097669115
-0.24193548387098	6.7414	0.003925127909278
-0.24193548387098	6.7416	0.003795265574278
-0.24193548387098	6.7418	0.003866458667081
-0.24193548387098	6.742	0.003902049159625
-0.24193548387098	6.7422	0.003819601967442
-0.24193548387098	6.7424	0.003891819788079
-0.24193548387098	6.7426	0.003791606527843
-0.24193548387098	6.7428	0.003875288266451
-0.24193548387098	6.743	0.003775849807472
-0.24193548387098	6.7432	0.003796924628369
-0.161290322580658	6.733	0.004124585689559
-0.161290322580658	6.7332	0.004026865503778
-0.161290322580658	6.7334	0.003978899523589
-0.161290322580658	6.7336	0.004013018884032
-0.161290322580658	6.7338	0.003990258265317
-0.161290322580658	6.734	0.004004541572605
-0.161290322580658	6.7342	0.004047045105194
-0.161290322580658	6.7344	0.003955209106177
-0.161290322580658	6.7346	0.003933070825378
-0.161290322580658	6.7348	0.003952796440695
-0.161290322580658	6.735	0.003860286948155
-0.161290322580658	6.7352	0.003860769096755
-0.161290322580658	6.7354	0.003641773046922
-0.161290322580658	6.7356	0.003601833697392
-0.161290322580658	6.7358	0.003437154162828
-0.161290322580658	6.736	0.003445758571022
-0.161290322580658	6.7362	0.003060417267754
-0.161290322580658	6.7364	0.002694545106982
-0.161290322580658	6.7366	0.001791142628386
-0.161290322580658	6.7368	9.34676058398E-4
-0.161290322580658	6.737	0.00209167986583
-0.161290322580658	6.7372	0.003229494942116
-0.161290322580658	6.7374	0.003674705511187
-0.161290322580658	6.7376	0.003924086428351
-0.161290322580658	6.7378	0.003884488985646
-0.161290322580658	6.738	0.004003736519678
-0.161290322580658	6.7382	0.003843260537373
-0.161290322580658	6.7384	0.003949575474269
-0.161290322580658	6.7386	0.003831359443244
-0.161290322580658	6.7388	0.004060502160371
-0.161290322580658	6.739	0.00394169647609
-0.161290322580658	6.7392	0.003914855151665
-0.161290322580658	6.7394	0.004045553225909
-0.161290322580658	6.7396	0.003837014268984
-0.161290322580658	6.7398	0.003961225879374
-0.161290322580658	6.74	0.004005887808763
-0.161290322580658	6.7402	0.003901824376712
-0.161290322580658	6.7404	0.004029776497467
-0.161290322580658	6.7406	0.003916672593915
-0.161290322580658	6.7408	0.00377469154203
-0.161290322580658	6.741	0.003831178367797
-0.161290322580658	6.7412	0.003945831782063
-0.161290322580658	6.7414	0.003911222372206
-0.161290322580658	6.7416	0.003868946672234
-0.161290322580658	6.7418	0.003726440930735
-0.161290322580658	6.742	0.003976426946768
-0.161290322580658	6.7422	0.003834087916535
-0.161290322580658	6.7424	0.003979961560173
-0.161290322580658	6.7426	0.003889383935706
-0.161290322580658	6.7428	0.003884002653849
-0.161290322580658	6.743	0.00386006901749
-0.161290322580658	6.7432	0.003898937492946
-0.0806451612903367	6.733	0.004233763488928
-0.0806451612903367	6.7332	0.004196489273247
-0.0806451612903367	6.7334	0.00409488947518
-0.0806451612903367	6.7336	0.004091526368772
-0.0806451612903367	6.7338	0.003937813058538
-0.0806451612903367	6.734	0.003927829402034
-0.0806451612903367	6.7342	0.004033835692248
-0.0806451612903367	6.7344	0.003914383932663
-0.0806451612903367	6.7346	0.003964387189838
-0.0806451612903367	6.7348	0.003904582462536
-0.0806451612903367	6.735	0.003862528705376
-0.0806451612903367	6.7352	0.003911036851053
-0.0806451612903367	6.7354	0.003628844860019
-0.0806451612903367	6.7356	0.003667216650201
-0.0806451612903367	6.7358	0.003482716596922
-0.0806451612903367	6.736	0.003265358395993
-0.0806451612903367	6.7362	0.00304677836344
-0.0806451612903367	6.7364	0.002344887322247
-0.0806451612903367	6.7366	0.001175478645548
-0.0806451612903367	6.7368	0.001630459896183
-0.0806451612903367	6.737	0.00292167387916
-0.0806451612903367	6.7372	0.003296695287377
-0.0806451612903367	6.7374	0.003642666186387
-0.0806451612903367	6.7376	0.003942919854999
-0.0806451612903367	6.7378	0.003791721379453
-0.0806451612903367	6.738	0.003887310465438
-0.0806451612903367	6.7382	0.003999157609838
-0.0806451612903367	6.7384	0.004043209098548
-0.0806451612903367	6.7386	0.003838602856023
-0.0806451612903367	6.7388	0.004123899148973
-0.0806451612903367	6.739	0.003896451315406
-0.0806451612903367	6.7392	0.0040140502098
-0.0806451612903367	6.7394	0.004061783635995
-0.0806451612903367	6.7396	0.003994138912733
-0.0806451612903367	6.7398	0.003834671389512
-0.0806451612903367	6.74	0.004026608567103
-0.0806451612903367	6.7402	0.004023515316332
-0.0806451612903367	6.7404	0.003866133229523
-0.0806451612903367	6.7406	0.004070803273987
-0.0806451612903367	6.7408	0.00396645355085
-0.0806451612903367	6.741	0.003962935544745
-0.0806451612903367	6.7412	0.003823060356162
-0.0806451612903367	6.7414	0.003932571763504
-0.0806451612903367	6.7416	0.00384684356884
-0.0806451612903367	6.7418	0.003832315603145
-0.0806451612903367	6.742	0.003846419287721
-0.0806451612903367	6.7422	0.003853487927464
-0.0806451612903367	6.7424	0.003956999496144
-0.0806451612903367	6.7426	0.003869952248077
-0.0806451612903367	6.7428	0.003876634675596
-0.0806451612903367	6.743	0.003855493030539
-0.0806451612903367	6.7432	0.003873614689617
-1.53210777398272E-14	6.733	0.003932596710002
-1.53210777398272E-14	6.7332	0.004212534478433
-1.53210777398272E-14	6.7334	0.003906925953851
-1.53210777398272E-14	6.7336	0.003844756927504
-1.53210777398272E-14	6.7338	0.004063690859988
-1.53210777398272E-14	6.734	0.00393656614721
-1.53210777398272E-14	6.7342	0.004000301659617
-1.53210777398272E-14	6.7344	0.004044577768763
-1.53210777398272E-14	6.7346	0.003977178606388
-1.53210777398272E-14	6.7348	0.003885401189325
-1.53210777398272E-14	6.735	0.003852849128552
-1.53210777398272E-14	6.7352	0.00378416226595
-1.53210777398272E-14	6.7354	0.003582700981441
-1.53210777398272E-14	6.7356	0.003625288530943
-1.53210777398272E-14	6.7358	0.003505785152575
-1.53210777398272E-14	6.736	0.003210411881509
-1.53210777398272E-14	6.7362	0.002715092508536
-1.53210777398272E-14	6.7364	0.002167641082838
-1.53210777398272E-14	6.7366	0.001101902921296
-1.53210777398272E-14	6.7368	0.001863927349609
-1.53210777398272E-14	6.737	0.002876963220733
-1.53210777398272E-14	6.7372	0.003557405554015
-1.53210777398272E-14	6.7374	0.003874132720591
-1.53210777398272E-14	6.7376	0.003898464318404
-1.53210777398272E-14	6.7378	0.003893336827043
-1.53210777398272E-14	6.738	0.003910866505135
-1.53210777398272E-14	6.7382	0.003922261765767
-1.53210777398272E-14	6.7384	0.004152920427974
-1.53210777398272E-14	6.7386	0.004007467479798
-1.53210777398272E-14	6.7388	0.004069532190643
-1.53210777398272E-14	6.739	0.004014383240764
-1.53210777398272E-14	6.7392	0.003855128954494
-1.53210777398272E-14	6.7394	0.003917040843336
-1.53210777398272E-14	6.7396	0.003913739391398
-1.53210777398272E-14	6.7398	0.00389322850689
-1.53210777398272E-14	6.74	0.003860994976708
-1.53210777398272E-14	6.7402	0.003959695603977
-1.53210777398272E-14	6.7404	0.00392647689419
-1.53210777398272E-14	6.7406	0.003902289616504
-1.53210777398272E-14	6.7408	0.003915874116871
-1.53210777398272E-14	6.741	0.003802100744953
-1.53210777398272E-14	6.7412	0.003979899093338
-1.53210777398272E-14	6.7414	0.003834578975468
-1.53210777398272E-14	6.7416	0.003870487613816
-1.53210777398272E-14	6.7418	0.003959933049934
-1.53210777398272E-14	6.742	0.003805481715548
-1.53210777398272E-14	6.7422	0.003901958096107
-1.53210777398272E-14	6.7424	0.003951581236317
-1.53210777398272E-14	6.7426	0.003875145555976
-1.53210777398272E-14	6.7428	0.003695004541373
-1.53210777398272E-14	6.743	0.003870588014271
-1.53210777398272E-14	6.7432	0.003910192268158
0.0806451612903062	6.733	0.004101450363117
0.0806451612903062	6.7332	0.004053329231494
0.0806451612903062	6.7334	0.003949760469536
0.0806451612903062	6.7336	0.004062174867077
0.0806451612903062	6.7338	0.004137680771554
0.0806451612903062	6.734	0.004136844655765
0.0806451612903062	6.7342	0.004082523028275
0.0806451612903062	6.7344	0.003974826525821
0.0806451612903062	6.7346	0.003923065897863
0.0806451612903062	6.7348	0.003935139843041
0.0806451612903062	6.735	0.003863591475773
0.0806451612903062	6.7352	0.003751871808435
0.0806451612903062	6.7354	0.003772947088893
0.0806451612903062	6.7356	0.003665800279183
0.0806451612903062	6.7358	0.003349122719431
0.0806451612903062	6.736	0.003328494279438
0.0806451612903062	6.7362	0.002844019498653
0.0806451612903062	6.7364	0.00229050388077
0.0806451612903062	6.7366	0.001146381471566
0.0806451612903062	6.7368	0.001411321337566
0.0806451612903062	6.737	0.00296965664101
0.0806451612903062	6.7372	0.003589962592449
0.0806451612903062	6.7374	0.003859219632515
0.0806451612903062	6.7376	0.00384793155816
0.0806451612903062	6.7378	0.003939523934609
0.0806451612903062	6.738	0.00406247835652
0.0806451612903062	6.7382	0.004042948460946
0.0806451612903062	6.7384	0.003964125924856
0.0806451612903062	6.7386	0.004151368211347
0.0806451612903062	6.7388	0.004028581745958
0.0806451612903062	6.739	0.003982607228732
0.0806451612903062	6.7392	0.003976585827944
0.0806451612903062	6.7394	0.004003443884634
0.0806451612903062	6.7396	0.003956173721862
0.0806451612903062	6.7398	0.003922229438639
0.0806451612903062	6.74	0.003981471122504
0.0806451612903062	6.7402	0.003958597252917
0.0806451612903062	6.7404	0.003894973012491
0.0806451612903062	6.7406	0.003785301933846
0.0806451612903062	6.7408	0.004022030057822
0.0806451612903062	6.741	0.003978624956061
0.0806451612903062	6.7412	0.003867552899683
0.0806451612903062	6.7414	0.003931928706121
0.0806451612903062	6.7416	0.00401902128659
0.0806451612903062	6.7418	0.003935038790295
0.0806451612903062	6.742	0.003782074394774
0.0806451612903062	6.7422	0.003879282119049
0.0806451612903062	6.7424	0.003939503329748
0.0806451612903062	6.7426	0.003899218233903
0.0806451612903062	6.7428	0.003840903266166
0.0806451612903062	6.743	0.003847577244459
0.0806451612903062	6.7432	0.003802665512142
0.161290322580628	6.733	0.004112714979536
0.161290322580628	6.7332	0.003971134959231
0.161290322580628	6.7334	0.003995576881846
0.161290322580628	6.7336	0.004041120688089
0.161290322580628	6.7338	0.003974235642291
0.161290322580628	6.734	0.003895903445949
0.161290322580628	6.7342	0.004005315774231
0.161290322580628	6.7344	0.003837573127782
0.161290322580628	6.7346	0.003964338772136
0.161290322580628	6.7348	0.003799531195245
0.161290322580628	6.735	0.003978261908428
0.161290322580628	6.7352	0.003884750409566
0.161290322580628	6.7354	0.003685774580478
0.161290322580628	6.7356	0.003735166192906
0.161290322580628	6.7358	0.003511689005086
0.161290322580628	6.736	0.003462358787176
0.161290322580628	6.7362	0.00300674788814
0.161290322580628	6.7364	0.00257137149728
0.161290322580628	6.7366	0.001788183053009
0.161290322580628	6.7368	9.21224158604E-4
0.161290322580628	6.737	0.002221335386507
0.161290322580628	6.7372	0.00337055112607
0.161290322580628	6.7374	0.003691055652275
0.161290322580628	6.7376	0.003794475777726
0.161290322580628	6.7378	0.003892950668042
0.161290322580628	6.738	0.004030130894259
0.161290322580628	6.7382	0.003872723062096
0.161290322580628	6.7384	0.004018691654638
0.161290322580628	6.7386	0.003978469199947
0.161290322580628	6.7388	0.004070184083998
0.161290322580628	6.739	0.003877875123512
0.161290322580628	6.7392	0.004074818833304
0.161290322580628	6.7394	0.003918566230864
0.161290322580628	6.7396	0.004086879788699
0.161290322580628	6.7398	0.003869720822192
0.161290322580628	6.74	0.004070011661124
0.161290322580628	6.7402	0.004025799115974
0.161290322580628	6.7404	0.003996317387386
0.161290322580628	6.7406	0.003830083803172
0.161290322580628	6.7408	0.003893469408745
0.161290322580628	6.741	0.004037213977707
0.161290322580628	6.7412	0.003929085885791
0.161290322580628	6.7414	0.003955890824139
0.161290322580628	6.7416	0.003807311354247
0.161290322580628	6.7418	0.003807421005668
0.161290322580628	6.742	0.003948238444154
0.161290322580628	6.7422	0.003849890923417
0.161290322580628	6.7424	0.003864387224901
0.161290322580628	6.7426	0.004001425890228
0.161290322580628	6.7428	0.003897601439997
0.161290322580628	6.743	0.003829085206172
0.161290322580628	6.7432	0.003746358602498
0.241935483870949	6.733	0.004107106040214
0.241935483870949	6.7332	0.004162561616343
0.241935483870949	6.7334	0.003954055286845
0.241935483870949	6.7336	0.003996472388098
0.241935483870949	6.7338	0.0040251536737
0.241935483870949	6.734	0.003910645288325
0.241935483870949	6.7342	0.003943754982315
0.241935483870949	6.7344	0.004027511480067
0.241935483870949	6.7346	0.003955166470496
0.241935483870949	6.7348	0.004006135778727
0.241935483870949	6.735	0.003747527049366
0.241935483870949	6.7352	0.003680717732013
0.241935483870949	6.7354	0.003767789187973
0.241935483870949	6.7356	0.003738388120839
0.241935483870949	6.7358	0.003586144933741
0.241935483870949	6.736	0.003605799276206
0.241935483870949	6.7362	0.003377615802959
0.241935483870949	6.7364	0.002985236878828
0.241935483870949	6.7366	0.002251091181582
0.241935483870949	6.7368	0.001184679577995
0.241935483870949	6.737	0.00124169135534
0.241935483870949	6.7372	0.002909539580528
0.241935483870949	6.7374	0.003306344283085
0.241935483870949	6.7376	0.003592232878099
0.241935483870949	6.7378	0.003949946732123
0.241935483870949	6.738	0.003928598920633
0.241935483870949	6.7382	0.004115895065127
0.241935483870949	6.7384	0.004069063176534
0.241935483870949	6.7386	0.003976330698698
0.241935483870949	6.7388	0.003980276504672
0.241935483870949	6.739	0.00386348369645
0.241935483870949	6.7392	0.004070865552451
0.241935483870949	6.7394	0.003898116134122
0.241935483870949	6.7396	0.004065159237221
0.241935483870949	6.7398	0.003863211969623
0.241935483870949	6.74	0.003978291801325
0.241935483870949	6.7402	0.003942630958301
0.241935483870949	6.7404	0.004079302468394
0.241935483870949	6.7406	0.003924920571403
0.241935483870949	6.7408	0.003928582075337
0.241935483870949	6.741	0.003910774727174
0.241935483870949	6.7412	0.003718325070385
0.241935483870949	6.7414	0.003900388805476
0.241935483870949	6.7416	0.003824583093755
0.241935483870949	6.7418	0.004040631197494
0.241935483870949	6.742	0.003882184490525
0.241935483870949	6.7422	0.003897208381612
0.241935483870949	6.7424	0.003883154042815
0.241935483870949	6.7426	0.003983718464491
0.241935483870949	6.7428	0.003838475440252
0.241935483870949	6.743	0.003965537998151
0.241935483870949	6.7432	0.003731225404865
0.322580645161271	6.733	0.004078111833159
0.322580645161271	6.7332	0.004141911197043
0.322580645161271	6.7334	0.004242755592711
0.322580645161271	6.7336	0.004086034156071
0.322580645161271	6.7338	0.003949738067853
0.322580645161271	6.734	0.004046089442759
0.322580645161271	6.7342	0.004063574548357
0.322580645161271	6.7344	0.003992223389473
0.322580645161271	6.7346	0.003994217442933
0.322580645161271	6.7348	0.003931601630785
0.322580645161271	6.735	0.004043533354714
0.322580645161271	6.7352	0.003814452249365
0.322580645161271	6.7354	0.003707300322281
0.322580645161271	6.7356	0.003882900108893
0.322580645161271	6.7358	0.003755011785887
0.322580645161271	6.736	0.00364349067012
0.322580645161271	6.7362	0.003393089019535
0.322580645161271	6.7364	0.003385474614332
0.322580645161271	6.7366	0.002970229313194
0.322580645161271	6.7368	0.002185730572532
0.322580645161271	6.737	0.001234704403175
0.322580645161271	6.7372	0.001722197692169
0.322580645161271	6.7374	0.003022050413799
0.322580645161271	6.7376	0.003551041802936
0.322580645161271	6.7378	0.003844480868467
0.322580645161271	6.738	0.003907271860742
0.322580645161271	6.7382	0.003837915703221
0.322580645161271	6.7384	0.00399335300198
0.322580645161271	6.7386	0.004126722661621
0.322580645161271	6.7388	0.00408343712358
0.322580645161271	6.739	0.003974334367475
0.322580645161271	6.7392	0.003845157159495
0.322580645161271	6.7394	0.003993001074111
0.322580645161271	6.7396	0.003964640986805
0.322580645161271	6.7398	0.003878324000797
0.322580645161271	6.74	0.003959825771325
0.322580645161271	6.7402	0.003892264802946
0.322580645161271	6.7404	0.003794149712778
0.322580645161271	6.7406	0.003783629018475
0.322580645161271	6.7408	0.003945254523562
0.322580645161271	6.741	0.00394032856966
0.322580645161271	6.7412	0.003988512514097
0.322580645161271	6.7414	0.003849387239422
0.322580645161271	6.7416	0.003883639511054
0.322580645161271	6.7418	0.003943673765478
0.322580645161271	6.742	0.003931695896779
0.322580645161271	6.7422	0.003864298984736
0.322580645161271	6.7424	0.003883624039081
0.322580645161271	6.7426	0.003876725222368
0.322580645161271	6.7428	0.003759536411393
0.322580645161271	6.743	0.003914794988608
0.322580645161271	6.7432	0.003820189614249
0.403225806451592	6.733	0.004085283669815
0.403225806451592	6.7332	0.004034382961002
0.403225806451592	6.7334	0.004225336388077
0.403225806451592	6.7336	0.004145882428054
0.403225806451592	6.7338	0.004014675107732
0.403225806451592	6.734	0.004055430541281
0.403225806451592	6.7342	0.003876205158548
0.403225806451592	6.7344	0.00417169282629
0.403225806451592	6.7346	0.003972197223028
0.403225806451592	6.7348	0.004024665191097
0.403225806451592	6.735	0.003969345285006
0.403225806451592	6.7352	0.003982968337698
0.403225806451592	6.7354	0.003807971210056
0.403225806451592	6.7356	0.003813115101726
0.403225806451592	6.7358	0.003857507571601
0.403225806451592	6.736	0.003826227277017
0.403225806451592	6.7362	0.003650488520509
0.403225806451592	6.7364	0.003625101429502
0.403225806451592	6.7366	0.003312949620933
0.403225806451592	6.7368	0.003137770912021
0.403225806451592	6.737	0.002594250616128
0.403225806451592	6.7372	0.001741720426342
0.403225806451592	6.7374	0.001170690863743
0.403225806451592	6.7376	0.002498233836985
0.403225806451592	6.7378	0.003293990353574
0.403225806451592	6.738	0.00371966180635
0.403225806451592	6.7382	0.003765827644814
0.403225806451592	6.7384	0.00386929320668
0.403225806451592	6.7386	0.003999959152325
0.403225806451592	6.7388	0.003946010663071
0.403225806451592	6.739	0.003983580887604
0.403225806451592	6.7392	0.003958495105119
0.403225806451592	6.7394	0.004023675547393
0.403225806451592	6.7396	0.004016830373885
0.403225806451592	6.7398	0.004086519120545
0.403225806451592	6.74	0.003807946323215
0.403225806451592	6.7402	0.003871399698584
0.403225806451592	6.7404	0.003937588258161
0.403225806451592	6.7406	0.003946767216525
0.403225806451592	6.7408	0.003854408595864
0.403225806451592	6.741	0.003817105571008
0.403225806451592	6.7412	0.003985538615036
0.403225806451592	6.7414	0.003752195533253
0.403225806451592	6.7416	0.00399804326294
0.403225806451592	6.7418	0.003822299103058
0.403225806451592	6.742	0.003819695580686
0.403225806451592	6.7422	0.003898471533636
0.403225806451592	6.7424	0.003966501144611
0.403225806451592	6.7426	0.003807927798863
0.403225806451592	6.7428	0.003718919932671
0.403225806451592	6.743	0.003907454248971
0.403225806451592	6.7432	0.003830202941198
0.483870967741914	6.733	0.00403435090921
0.483870967741914	6.7332	0.004248010722957
0.483870967741914	6.7334	0.004027565010973
0.483870967741914	6.7336	0.004083344301572
0.483870967741914	6.7338	0.004091966668442
0.483870967741914	6.734	0.003994202340816
0.483870967741914	6.7342	0.004060699466168
0.483870967741914	6.7344	0.003982660497244
0.483870967741914	6.7346	0.004003279902846
0.483870967741914	6.7348	0.004012385531786
0.483870967741914	6.735	0.004058601372414
0.483870967741914	6.7352	0.003809527143669
0.483870967741914	6.7354	0.003852268513509
0.483870967741914	6.7356	0.003898431971921
0.483870967741914	6.7358	0.003732359669393
0.483870967741914	6.736	0.00379727033271
0.483870967741914	6.7362	0.003813733361421
0.483870967741914	6.7364	0.003706703778551
0.483870967741914	6.7366	0.00350427369405
0.483870967741914	6.7368	0.003525261321007
0.483870967741914	6.737	0.003306367865051
0.483870967741914	6.7372	0.003396269374788
0.483870967741914	6.7374	0.002677761937226
0.483870967741914	6.7376	0.001577964140286
0.483870967741914	6.7378	9.61244969239E-4
0.483870967741914	6.738	0.002620724526209
0.483870967741914	6.7382	0.003359495479787
0.483870967741914	6.7384	0.003645181063911
0.483870967741914	6.7386	0.003860573776232
0.483870967741914	6.7388	0.003802120979678
0.483870967741914	6.739	0.003802760974535
0.483870967741914	6.7392	0.004010400420197
0.483870967741914	6.7394	0.003989816616828
0.483870967741914	6.7396	0.00399037127029
0.483870967741914	6.7398	0.004099439820497
0.483870967741914	6.74	0.003979364334904
0.483870967741914	6.7402	0.003940511927504
0.483870967741914	6.7404	0.003845885066382
0.483870967741914	6.7406	0.003931902506618
0.483870967741914	6.7408	0.003977951899193
0.483870967741914	6.741	0.003915308421244
0.483870967741914	6.7412	0.003924289747625
0.483870967741914	6.7414	0.004049202371966
0.483870967741914	6.7416	0.003853423717075
0.483870967741914	6.7418	0.003835341172641
0.483870967741914	6.742	0.003862649468047
0.483870967741914	6.7422	0.003835932402204
0.483870967741914	6.7424	0.003849900134148
0.483870967741914	6.7426	0.00383669251593
0.483870967741914	6.7428	0.003850003242906
0.483870967741914	6.743	0.003908085658914
0.483870967741914	6.7432	0.003842714644347
0.564516129032235	6.733	0.004164672560545
0.564516129032235	6.7332	0.004252300166105
0.564516129032235	6.7334	0.004046418200805
0.564516129032235	6.7336	0.004073928759712
0.564516129032235	6.7338	0.004137115270629
0.564516129032235	6.734	0.004115280492203
0.564516129032235	6.7342	0.004067631246458
0.564516129032235	6.7344	0.004083315631182
0.564516129032235	6.7346	0.004036711463584
0.564516129032235	6.7348	0.004102764075876
0.564516129032235	6.735	0.004109874287816
0.564516129032235	6.7352	0.003899496788844
0.564516129032235	6.7354	0.003876555355478
0.564516129032235	6.7356	0.004023517139077
0.564516129032235	6.7358	0.00389200846946
0.564516129032235	6.736	0.004021132050115
0.564516129032235	6.7362	0.003715990494925
0.564516129032235	6.7364	0.003770699250918
0.564516129032235	6.7366	0.003893312131872
0.564516129032235	6.7368	0.003736110480859
0.564516129032235	6.737	0.003519779067034
0.564516129032235	6.7372	0.003515476948853
0.564516129032235	6.7374	0.003271852217861
0.564516129032235	6.7376	0.003271283908517
0.564516129032235	6.7378	0.002550942230841
0.564516129032235	6.738	0.001360909964198
0.564516129032235	6.7382	0.001066957611087
0.564516129032235	6.7384	0.002267042448794
0.564516129032235	6.7386	0.003269060339402
0.564516129032235	6.7388	0.003794241841188
0.564516129032235	6.739	0.003927282819701
0.564516129032235	6.7392	0.0038423355303
0.564516129032235	6.7394	0.004023932138015
0.564516129032235	6.7396	0.004012726611285
0.564516129032235	6.7398	0.003938167669362
0.564516129032235	6.74	0.003889846785998
0.564516129032235	6.7402	0.003906353085812
0.564516129032235	6.7404	0.003833312359642
0.564516129032235	6.7406	0.003891268042635
0.564516129032235	6.7408	0.003770695198173
0.564516129032235	6.741	0.003851914502082
0.564516129032235	6.7412	0.003870884817488
0.564516129032235	6.7414	0.003924816263756
0.564516129032235	6.7416	0.003947470550126
0.564516129032235	6.7418	0.003676805248478
0.564516129032235	6.742	0.003806215236379
0.564516129032235	6.7422	0.003816477025739
0.564516129032235	6.7424	0.003909479626786
0.564516129032235	6.7426	0.003853837383071
0.564516129032235	6.7428	0.003862828174046
0.564516129032235	6.743	0.003937270167768
0.564516129032235	6.7432	0.003745610363884
0.645161290322557	6.733	0.004218092201027
0.645161290322557	6.7332	0.004180952300878
0.645161290322557	6.7334	0.00417889649744
0.645161290322557	6.7336	0.00401088812162
0.645161290322557	6.7338	0.00410796600967
0.645161290322557	6.734	0.004169224772599
0.645161290322557	6.7342	0.004249724299664
0.645161290322557	6.7344	0.003970139371797
0.645161290322557	6.7346	0.003963830241511
0.645161290322557	6.7348	0.003977879086468
0.645161290322557	6.735	0.00397635925311
0.645161290322557	6.7352	0.004029111956425
0.645161290322557	6.7354	0.004041040905716
0.645161290322557	6.7356	0.003965779717502
0.645161290322557	6.7358	0.003845657621884
0.645161290322557	6.736	0.003859902503582
0.645161290322557	6.7362	0.003713790805062
0.645161290322557	6.7364	0.003731205371449
0.645161290322557	6.7366	0.003857924880185
0.645161290322557	6.7368	0.003797634494374
0.645161290322557	6.737	0.003681875380633
0.645161290322557	6.7372	0.003627298224463
0.645161290322557	6.7374	0.003577191156702
0.645161290322557	6.7376	0.003567254053637
0.645161290322557	6.7378	0.003557035343955
0.645161290322557	6.738	0.003253473730429
0.645161290322557	6.7382	0.002855314314273
0.645161290322557	6.7384	0.001968462982573
0.645161290322557	6.7386	0.001508991513381
0.645161290322557	6.7388	0.001352813513516
0.645161290322557	6.739	0.002845759604733
0.645161290322557	6.7392	0.003259923097059
0.645161290322557	6.7394	0.00365913390194
0.645161290322557	6.7396	0.003851743024871
0.645161290322557	6.7398	0.003882446342687
0.645161290322557	6.74	0.003773088559175
0.645161290322557	6.7402	0.003859950632873
0.645161290322557	6.7404	0.003840965986749
0.645161290322557	6.7406	0.004008137923489
0.645161290322557	6.7408	0.003825858626921
0.645161290322557	6.741	0.003828659848066
0.645161290322557	6.7412	0.0038397753104
0.645161290322557	6.7414	0.003821603657246
0.645161290322557	6.7416	0.003795452159233
0.645161290322557	6.7418	0.003907510371938
0.645161290322557	6.742	0.00361469929002
0.645161290322557	6.7422	0.003691448807585
0.645161290322557	6.7424	0.003884810709471
0.645161290322557	6.7426	0.003831135861311
0.645161290322557	6.7428	0.003821975815996
0.645161290322557	6.743	0.003809997155713
0.645161290322557	6.7432	0.003814424668398
0.725806451612878	6.733	0.004107844530165
0.725806451612878	6.7332	0.004163799946549
0.725806451612878	6.7334	0.004084976241113
0.725806451612878	6.7336	0.004208562627245
0.725806451612878	6.7338	0.004057190565179
0.725806451612878	6.734	0.004022710320974
0.725806451612878	6.7342	0.004012193540802
0.725806451612878	6.7344	0.004065013217824
0.725806451612878	6.7346	0.004061202994438
0.725806451612878	6.7348	0.004150089763336
0.725806451612878	6.735	0.003936866212752
0.725806451612878	6.7352	0.003954061500644
0.725806451612878	6.7354	0.003876330264521
0.725806451612878	6.7356	0.004078464730592
0.725806451612878	6.7358	0.003885001484288
0.725806451612878	6.736	0.0039210740341
0.725806451612878	6.7362	0.003881860854776
0.725806451612878	6.7364	0.003877573918962
0.725806451612878	6.7366	0.004011530517187
0.725806451612878	6.7368	0.00377531712973
0.725806451612878	6.737	0.00379856434748
0.725806451612878	6.7372	0.003748757391485
0.725806451612878	6.7374	0.003742100573336
0.725806451612878	6.7376	0.003559849946118
0.725806451612878	6.7378	0.003660612478762
0.725806451612878	6.738	0.003600181629154
0.725806451612878	6.7382	0.00338129575956
0.725806451612878	6.7384	0.003280953679494
0.725806451612878	6.7386	0.002816522571955
0.725806451612878	6.7388	0.002379954375066
0.725806451612878	6.739	0.002104822022799
0.725806451612878	6.7392	0.001276367130732
0.725806451612878	6.7394	0.00269023286295
0.725806451612878	6.7396	0.003317985458483
0.725806451612878	6.7398	0.003616322987405
0.725806451612878	6.74	0.003851217939918
0.725806451612878	6.7402	0.003891092655983
0.725806451612878	6.7404	0.003896991037756
0.725806451612878	6.7406	0.003822662953266
0.725806451612878	6.7408	0.003889315065854
0.725806451612878	6.741	0.003734796545829
0.725806451612878	6.7412	0.003891237974054
0.725806451612878	6.7414	0.003717788140838
0.725806451612878	6.7416	0.003789209388502
0.725806451612878	6.7418	0.003749874404628
0.725806451612878	6.742	0.003864107588309
0.725806451612878	6.7422	0.003903465439916
0.725806451612878	6.7424	0.003882053476403
0.725806451612878	6.7426	0.003890170873149
0.725806451612878	6.7428	0.003814554932432
0.725806451612878	6.743	0.003860133896073
0.725806451612878	6.7432	0.003796511406182
0.806451612903199	6.733	0.00405652400788
0.806451612903199	6.7332	0.004177063738582
0.806451612903199	6.7334	0.004144350453446
0.806451612903199	6.7336	0.004236305418453
0.806451612903199	6.7338	0.004028711266298
0.806451612903199	6.734	0.004079682149806
0.806451612903199	6.7342	0.004078162076821
0.806451612903199	6.7344	0.004100920050059
0.806451612903199	6.7346	0.003973051735343
0.806451612903199	6.7348	0.004084546585546
0.806451612903199	6.735	0.004033677771789
0.806451612903199	6.7352	0.00406157780748
0.806451612903199	6.7354	0.003876406987215
0.806451612903199	6.7356	0.003937758859723
0.806451612903199	6.7358	0.003877327344041
0.806451612903199	6.736	0.003927302940727
0.806451612903199	6.7362	0.003976042508013
0.806451612903199	6.7364	0.003771561391916
0.806451612903199	6.7366	0.003736265626972
0.806451612903199	6.7368	0.003867185050265
0.806451612903199	6.737	0.003729499205824
0.806451612903199	6.7372	0.003779414908796
0.806451612903199	6.7374	0.00371089771616
0.806451612903199	6.7376	0.003878923268521
0.806451612903199	6.7378	0.003795025199855
0.806451612903199	6.738	0.003621954315104
0.806451612903199	6.7382	0.003793444407061
0.806451612903199	6.7384	0.003619162527485
0.806451612903199	6.7386	0.003540102385477
0.806451612903199	6.7388	0.003518300256407
0.806451612903199	6.739	0.00324430997149
0.806451612903199	6.7392	0.002830037291291
0.806451612903199	6.7394	0.002244001012594
0.806451612903199	6.7396	0.001425174781557
0.806451612903199	6.7398	0.00140626673561
0.806451612903199	6.74	0.002846358278865
0.806451612903199	6.7402	0.003361005522944
0.806451612903199	6.7404	0.00356509414428
0.806451612903199	6.7406	0.003890456384718
0.806451612903199	6.7408	0.00403940322802
0.806451612903199	6.741	0.003897863682376
0.806451612903199	6.7412	0.003854799489978
0.806451612903199	6.7414	0.003923070975984
0.806451612903199	6.7416	0.00378984579268
0.806451612903199	6.7418	0.003753765215854
0.806451612903199	6.742	0.003906181087675
0.806451612903199	6.7422	0.003926428198166
0.806451612903199	6.7424	0.004000648145614
0.806451612903199	6.7426	0.003850709735446
0.806451612903199	6.7428	0.003794844255757
0.806451612903199	6.743	0.003854340882033
0.806451612903199	6.7432	0.00381095133297
0.887096774193521	6.733	0.004080000222482
0.887096774193521	6.7332	0.004076639423
0.887096774193521	6.7334	0.003990669869626
0.887096774193521	6.7336	0.0041139673945
0.887096774193521	6.7338	0.004061318304282
0.887096774193521	6.734	0.004070168093779
0.887096774193521	6.7342	0.004158488043343
0.887096774193521	6.7344	0.00411315609778
0.887096774193521	6.7346	0.004032997598833
0.887096774193521	6.7348	0.004140807456725
0.887096774193521	6.735	0.004050269011702
0.887096774193521	6.7352	0.004146249508234
0.887096774193521	6.7354	0.003816117511676
0.887096774193521	6.7356	0.003860523840266
0.887096774193521	6.7358	0.004030138759038
0.887096774193521	6.736	0.003829413007725
0.887096774193521	6.7362	0.003827616384831
0.887096774193521	6.7364	0.003831214142593
0.887096774193521	6.7366	0.003917636395848
0.887096774193521	6.7368	0.003866847029863
0.887096774193521	6.737	0.003798672101681
0.887096774193521	6.7372	0.003919018767297
0.887096774193521	6.7374	0.003867968625649
0.887096774193521	6.7376	0.003872417572889
0.887096774193521	6.7378	0.003839024692215
0.887096774193521	6.738	0.003767982202759
0.887096774193521	6.7382	0.00377312274004
0.887096774193521	6.7384	0.003744139582753
0.887096774193521	6.7386	0.003678026865719
0.887096774193521	6.7388	0.003673009619314
0.887096774193521	6.739	0.003531238390621
0.887096774193521	6.7392	0.003485614621456
0.887096774193521	6.7394	0.003361878679241
0.887096774193521	6.7396	0.003129131454997
0.887096774193521	6.7398	0.00251946983914
0.887096774193521	6.74	0.001744466638867
0.887096774193521	6.7402	0.001080811750573
0.887096774193521	6.7404	0.002407054421047
0.887096774193521	6.7406	0.003068068707723
0.887096774193521	6.7408	0.003597053519403
0.887096774193521	6.741	0.003617787135928
0.887096774193521	6.7412	0.00389599069715
0.887096774193521	6.7414	0.003800715126707
0.887096774193521	6.7416	0.00380451813932
0.887096774193521	6.7418	0.00397859682336
0.887096774193521	6.742	0.003931509832784
0.887096774193521	6.7422	0.00371353207168
0.887096774193521	6.7424	0.003771968906957
0.887096774193521	6.7426	0.003875412504393
0.887096774193521	6.7428	0.003911180003136
0.887096774193521	6.743	0.00383599494317
0.887096774193521	6.7432	0.00387076902986
0.967741935483842	6.733	0.004164954272235
0.967741935483842	6.7332	0.004338623907636
0.967741935483842	6.7334	0.004055178604863
0.967741935483842	6.7336	0.004189660880247
0.967741935483842	6.7338	0.004088648092326
0.967741935483842	6.734	0.004103250212226
0.967741935483842	6.7342	0.004136708161542
0.967741935483842	6.7344	0.004031310196808
0.967741935483842	6.7346	0.004049608479536
0.967741935483842	6.7348	0.004044523805476
0.967741935483842	6.735	0.003994762020363
0.967741935483842	6.7352	0.003957345478684
0.967741935483842	6.7354	0.003991807713781
0.967741935483842	6.7356	0.004051782791682
0.967741935483842	6.7358	0.003987687328325
0.967741935483842	6.736	0.003778107249146
0.967741935483842	6.7362	0.00385402622686
0.967741935483842	6.7364	0.003803407582665
0.967741935483842	6.7366	0.003720786125059
0.967741935483842	6.7368	0.003854229388194
0.967741935483842	6.737	0.003860200779464
0.967741935483842	6.7372	0.00389088408498
0.967741935483842	6.7374	0.003771642017749
0.967741935483842	6.7376	0.003759574674509
0.967741935483842	6.7378	0.003746373548303
0.967741935483842	6.738	0.003839279064846
0.967741935483842	6.7382	0.003871106950613
0.967741935483842	6.7384	0.003742933267293
0.967741935483842	6.7386	0.003796309430731
0.967741935483842	6.7388	0.003571248015179
0.967741935483842	6.739	0.003671851412011
0.967741935483842	6.7392	0.003588096638798
0.967741935483842	6.7394	0.00349759324772
0.967741935483842	6.7396	0.00335820535143
0.967741935483842	6.7398	0.003275100330987
0.967741935483842	6.74	0.00266494573911
0.967741935483842	6.7402	0.002163467015931
0.967741935483842	6.7404	0.001316228536582
0.967741935483842	6.7406	0.002122973334986
0.967741935483842	6.7408	0.003126427942586
0.967741935483842	6.741	0.003382973748281
0.967741935483842	6.7412	0.003641394447928
0.967741935483842	6.7414	0.003704253800899
0.967741935483842	6.7416	0.003814103937859
0.967741935483842	6.7418	0.003727616493329
0.967741935483842	6.742	0.003856810460222
0.967741935483842	6.7422	0.003686146338748
0.967741935483842	6.7424	0.003772811490157
0.967741935483842	6.7426	0.003837015327931
0.967741935483842	6.7428	0.00379474192383
0.967741935483842	6.743	0.003827942043119
0.967741935483842	6.7432	0.003928856268109
1.04838709677416	6.733	0.004260781855937
1.04838709677416	6.7332	0.004059339036881
1.04838709677416	6.7334	0.004122332519563
1.04838709677416	6.7336	0.004209602381673
1.04838709677416	6.7338	0.00410575665054
1.04838709677416	6.734	0.004045681927364
1.04838709677416	6.7342	0.004082899066412
1.04838709677416	6.7344	0.004135399963249
1.04838709677416	6.7346	0.004061595775904
1.04838709677416	6.7348	0.004052456458441
1.04838709677416	6.735	0.003996829890773
1.04838709677416	6.7352	0.00401586861169
1.04838709677416	6.7354	0.004023191272828
1.04838709677416	6.7356	0.003973958462283
1.04838709677416	6.7358	0.003852300346063
1.04838709677416	6.736	0.003866997444447
1.04838709677416	6.7362	0.003950516301099
1.04838709677416	6.7364	0.003782091872139
1.04838709677416	6.7366	0.003745050956968
1.04838709677416	6.7368	0.003711544115868
1.04838709677416	6.737	0.004046209601476
1.04838709677416	6.7372	0.00378194772376
1.04838709677416	6.7374	0.003854989098625
1.04838709677416	6.7376	0.003793631469968
1.04838709677416	6.7378	0.003711824492315
1.04838709677416	6.738	0.003805215710227
1.04838709677416	6.7382	0.003656831665555
1.04838709677416	6.7384	0.003713273798394
1.04838709677416	6.7386	0.003681609815873
1.04838709677416	6.7388	0.003715172242322
1.04838709677416	6.739	0.003676564360752
1.04838709677416	6.7392	0.003575770489552
1.04838709677416	6.7394	0.003507574996158
1.04838709677416	6.7396	0.003376735368893
1.04838709677416	6.7398	0.003181455828662
1.04838709677416	6.74	0.002537130706778
1.04838709677416	6.7402	0.001948675015478
1.04838709677416	6.7404	0.001098601092236
1.04838709677416	6.7406	0.001871459076357
1.04838709677416	6.7408	0.002789493894585
1.04838709677416	6.741	0.003381610997529
1.04838709677416	6.7412	0.003792408043603
1.04838709677416	6.7414	0.003639381562149
1.04838709677416	6.7416	0.003756185740742
1.04838709677416	6.7418	0.003916427063043
1.04838709677416	6.742	0.003915451145981
1.04838709677416	6.7422	0.003917627806077
1.04838709677416	6.7424	0.003707584450991
1.04838709677416	6.7426	0.003771333827147
1.04838709677416	6.7428	0.003807348219033
1.04838709677416	6.743	0.003955359848111
1.04838709677416	6.7432	0.003934782193503
1.12903225806449	6.733	0.004080066742721
1.12903225806449	6.7332	0.00403790794909
1.12903225806449	6.7334	0.004124879611255
1.12903225806449	6.7336	0.004206502690647
1.12903225806449	6.7338	0.004112386627017
1.12903225806449	6.734	0.004182631032109
1.12903225806449	6.7342	0.004056130332833
1.12903225806449	6.7344	0.004007329548919
1.12903225806449	6.7346	0.004008610218852
1.12903225806449	6.7348	0.004211185462252
1.12903225806449	6.735	0.003970510113831
1.12903225806449	6.7352	0.003949295615982
1.12903225806449	6.7354	0.003936912142794
1.12903225806449	6.7356	0.003942280152495
1.12903225806449	6.7358	0.00391698030647
1.12903225806449	6.736	0.003954222871711
1.12903225806449	6.7362	0.003844672032054
1.12903225806449	6.7364	0.003986423197805
1.12903225806449	6.7366	0.003779664785022
1.12903225806449	6.7368	0.004004488979155
1.12903225806449	6.737	0.003804944619159
1.12903225806449	6.7372	0.003888315783384
1.12903225806449	6.7374	0.003893740832618
1.12903225806449	6.7376	0.003756316628426
1.12903225806449	6.7378	0.003912646138755
1.12903225806449	6.738	0.003766523588412
1.12903225806449	6.7382	0.003787057461366
1.12903225806449	6.7384	0.003756938711585
1.12903225806449	6.7386	0.003811822575557
1.12903225806449	6.7388	0.003757455377795
1.12903225806449	6.739	0.003622325589942
1.12903225806449	6.7392	0.003341456776467
1.12903225806449	6.7394	0.003451862427864
1.12903225806449	6.7396	0.003009107533955
1.12903225806449	6.7398	0.002714715168021
1.12903225806449	6.74	0.001775110973927
1.12903225806449	6.7402	0.001084117165285
1.12903225806449	6.7404	0.002042789259964
1.12903225806449	6.7406	0.003215019621863
1.12903225806449	6.7408	0.003592967470308
1.12903225806449	6.741	0.003830187115795
1.12903225806449	6.7412	0.003859518499714
1.12903225806449	6.7414	0.003686238354528
1.12903225806449	6.7416	0.003881988991562
1.12903225806449	6.7418	0.003877175153202
1.12903225806449	6.742	0.003773334935824
1.12903225806449	6.7422	0.003815314301233
1.12903225806449	6.7424	0.00390363366989
1.12903225806449	6.7426	0.003951521069402
1.12903225806449	6.7428	0.003984426170923
1.12903225806449	6.743	0.003902651566038
1.12903225806449	6.7432	0.003872735921802
1.20967741935481	6.733	0.004141223085313
1.20967741935481	6.7332	0.004199130409629
1.20967741935481	6.7334	0.004131352169234
1.20967741935481	6.7336	0.003939007882098
1.20967741935481	6.7338	0.004116116768441
1.20967741935481	6.734	0.004159130535543
1.20967741935481	6.7342	0.004035335673098
1.20967741935481	6.7344	0.004001298020603
1.20967741935481	6.7346	0.004068778642753
1.20967741935481	6.7348	0.003911637091444
1.20967741935481	6.735	0.00394703934096
1.20967741935481	6.7352	0.004071318089693
1.20967741935481	6.7354	0.004023816176996
1.20967741935481	6.7356	0.00386969478903
1.20967741935481	6.7358	0.003947232953322
1.20967741935481	6.736	0.003957543224691
1.20967741935481	6.7362	0.003875606882343
1.20967741935481	6.7364	0.00388114990033
1.20967741935481	6.7366	0.003890550679659
1.20967741935481	6.7368	0.003834694690122
1.20967741935481	6.737	0.003660744355559
1.20967741935481	6.7372	0.003769100079517
1.20967741935481	6.7374	0.003788174697509
1.20967741935481	6.7376	0.003732742190151
1.20967741935481	6.7378	0.003575676868053
1.20967741935481	6.738	0.003799525146816
1.20967741935481	6.7382	0.003715886093267
1.20967741935481	6.7384	0.003539122955909
1.20967741935481	6.7386	0.003497052806686
1.20967741935481	6.7388	0.003488774070111
1.20967741935481	6.739	0.003285512625159
1.20967741935481	6.7392	0.0029186332893
1.20967741935481	6.7394	0.002663459162176
1.20967741935481	6.7396	0.001710878215136
1.20967741935481	6.7398	0.001252549230049
1.20967741935481	6.74	0.002475953090408
1.20967741935481	6.7402	0.003493646935108
1.20967741935481	6.7404	0.003664163576703
1.20967741935481	6.7406	0.00382358129037
1.20967741935481	6.7408	0.00385648970647
1.20967741935481	6.741	0.004098555357491
1.20967741935481	6.7412	0.00386974049028
1.20967741935481	6.7414	0.003890678917009
1.20967741935481	6.7416	0.003997919245266
1.20967741935481	6.7418	0.003869856706137
1.20967741935481	6.742	0.004031815939597
1.20967741935481	6.7422	0.003868450084449
1.20967741935481	6.7424	0.003858302859585
1.20967741935481	6.7426	0.003821929252621
1.20967741935481	6.7428	0.003854814226743
1.20967741935481	6.743	0.003815943319912
1.20967741935481	6.7432	0.003951899534763
1.29032258064513	6.733	0.004167643061172
1.29032258064513	6.7332	0.00399071060058
1.29032258064513	6.7334	0.004137788984426
1.29032258064513	6.7336	0.004195413912369
1.29032258064513	6.7338	0.004105757631814
1.29032258064513	6.734	0.004058117184006
1.29032258064513	6.7342	0.004039212666822
1.29032258064513	6.7344	0.004109076245162
1.29032258064513	6.7346	0.004042565504279
1.29032258064513	6.7348	0.003871831985859
1.29032258064513	6.735	0.00409313157224
1.29032258064513	6.7352	0.00385018854865
1.29032258064513	6.7354	0.003941160320743
1.29032258064513	6.7356	0.003821636118771
1.29032258064513	6.7358	0.003532532342782
1.29032258064513	6.736	0.003320342568402
1.29032258064513	6.7362	0.003021849870532
1.29032258064513	6.7364	0.002458020851392
1.29032258064513	6.7366	0.001354114418948
1.29032258064513	6.7368	0.001244247653535
1.29032258064513	6.737	0.002649352148894
1.29032258064513	6.7372	0.003423010837532
1.29032258064513	6.7374	0.003770162763753
1.29032258064513	6.7376	0.003934055427998
1.29032258064513	6.7378	0.003846214898884
1.29032258064513	6.738	0.00401398099745
1.29032258064513	6.7382	0.00402531828554
1.29032258064513	6.7384	0.003869854751456
1.29032258064513	6.7386	0.004006274596948
1.29032258064513	6.7388	0.004143117351606
1.29032258064513	6.739	0.004154924514401
1.29032258064513	6.7392	0.003932707802166
1.29032258064513	6.7394	0.004006424830503
1.29032258064513	6.7396	0.003990886302181
1.29032258064513	6.7398	0.003931543518599
1.29032258064513	6.74	0.00388903904936
1.29032258064513	6.7402	0.004007721270547
1.29032258064513	6.7404	0.004089137060369
1.29032258064513	6.7406	0.003816986840335
1.29032258064513	6.7408	0.003894838636846
1.29032258064513	6.741	0.003968187728623
1.29032258064513	6.7412	0.003851338943487
1.29032258064513	6.7414	0.003927450398011
1.29032258064513	6.7416	0.003924077154339
1.29032258064513	6.7418	0.003798871060311
1.29032258064513	6.742	0.003760758069518
1.29032258064513	6.7422	0.003816006766668
1.29032258064513	6.7424	0.003982157994863
1.29032258064513	6.7426	0.003937079574771
1.29032258064513	6.7428	0.003783784137302
1.29032258064513	6.743	0.003814494772997
1.29032258064513	6.7432	0.003942497347922
1.37096774193545	6.733	0.004092011310477
1.37096774193545	6.7332	0.003974447447466
1.37096774193545	6.7334	0.004120427960483
1.37096774193545	6.7336	0.004076452571249
1.37096774193545	6.7338	0.004043113013216
1.37096774193545	6.734	0.00398591400208
1.37096774193545	6.7342	0.004026070240837
1.37096774193545	6.7344	0.00386057748001
1.37096774193545	6.7346	0.003933583920398
1.37096774193545	6.7348	0.003866748275138
1.37096774193545	6.735	0.003893937948829
1.37096774193545	6.7352	0.003795806938582
1.37096774193545	6.7354	0.003657255061951
1.37096774193545	6.7356	0.00357781038526
1.37096774193545	6.7358	0.003491829607694
1.37096774193545	6.736	0.003292160341909
1.37096774193545	6.7362	0.002863258231462
1.37096774193545	6.7364	0.002144789609504
1.37096774193545	6.7366	0.001107125729024
1.37096774193545	6.7368	0.001576411988444
1.37096774193545	6.737	0.003078890549737
1.37096774193545	6.7372	0.003461534448304
1.37096774193545	6.7374	0.003877892142507
1.37096774193545	6.7376	0.003977036846501
1.37096774193545	6.7378	0.003811091948611
1.37096774193545	6.738	0.004156564677725
1.37096774193545	6.7382	0.003898448370606
1.37096774193545	6.7384	0.004058200400734
1.37096774193545	6.7386	0.004027558713531
1.37096774193545	6.7388	0.003936412981686
1.37096774193545	6.739	0.004081203471725
1.37096774193545	6.7392	0.003944956175887
1.37096774193545	6.7394	0.004083506248211
1.37096774193545	6.7396	0.004053804944264
1.37096774193545	6.7398	0.003983378081505
1.37096774193545	6.74	0.003997175488915
1.37096774193545	6.7402	0.003948966560972
1.37096774193545	6.7404	0.004123645026505
1.37096774193545	6.7406	0.003925157074751
1.37096774193545	6.7408	0.003944101192431
1.37096774193545	6.741	0.003890128636651
1.37096774193545	6.7412	0.003828753799874
1.37096774193545	6.7414	0.003756916474911
1.37096774193545	6.7416	0.003914933400287
1.37096774193545	6.7418	0.00369042135342
1.37096774193545	6.742	0.00381491567525
1.37096774193545	6.7422	0.003823996743892
1.37096774193545	6.7424	0.003966050911254
1.37096774193545	6.7426	0.003787770160187
1.37096774193545	6.7428	0.004050127726323
1.37096774193545	6.743	0.003888780069398
1.37096774193545	6.7432	0.003760502697931
1.45161290322577	6.733	0.004036170647277
1.45161290322577	6.7332	0.004120294570058
1.45161290322577	6.7334	0.003951579549831
1.45161290322577	6.7336	0.003976519708179
1.45161290322577	6.7338	0.004068096701007
1.45161290322577	6.734	0.003939870213035
1.45161290322577	6.7342	0.003923687873393
1.45161290322577	6.7344	0.003906708419591
1.45161290322577	6.7346	0.003811632720216
1.45161290322577	6.7348	0.003850892849137
1.45161290322577	6.735	0.003884590012554
1.45161290322577	6.7352	0.00398528686018
1.45161290322577	6.7354	0.003782074916032
1.45161290322577	6.7356	0.003516302990548
1.45161290322577	6.7358	0.003513426468078
1.45161290322577	6.736	0.003155610600757
1.45161290322577	6.7362	0.002948884587464
1.45161290322577	6.7364	0.00223837582933
1.45161290322577	6.7366	8.92732829746E-4
1.45161290322577	6.7368	0.001671665664728
1.45161290322577	6.737	0.003037825038323
1.45161290322577	6.7372	0.003614513175465
1.45161290322577	6.7374	0.00379947813202
1.45161290322577	6.7376	0.003893771852668
1.45161290322577	6.7378	0.0039885330224
1.45161290322577	6.738	0.004016870880599
1.45161290322577	6.7382	0.004000771076398
1.45161290322577	6.7384	0.004005039099207
1.45161290322577	6.7386	0.004037678208814
1.45161290322577	6.7388	0.003822190876858
1.45161290322577	6.739	0.004016003982043
1.45161290322577	6.7392	0.004045734159254
1.45161290322577	6.7394	0.004032371209185
1.45161290322577	6.7396	0.004081496925732
1.45161290322577	6.7398	0.003902846607434
1.45161290322577	6.74	0.003952012191278
1.45161290322577	6.7402	0.00389235143454
1.45161290322577	6.7404	0.003988724974672
1.45161290322577	6.7406	0.003945300172119
1.45161290322577	6.7408	0.003922621781064
1.45161290322577	6.741	0.003861672809411
1.45161290322577	6.7412	0.003940501783665
1.45161290322577	6.7414	0.003748024647379
1.45161290322577	6.7416	0.003871236237707
1.45161290322577	6.7418	0.004050081890923
1.45161290322577	6.742	0.003853101007988
1.45161290322577	6.7422	0.00382419372563
1.45161290322577	6.7424	0.004005878215441
1.45161290322577	6.7426	0.00393984583999
1.45161290322577	6.7428	0.004015667221676
1.45161290322577	6.743	0.003929074796497
1.45161290322577	6.7432	0.003826256806897
1.53225806451609	6.733	0.004082059560203
1.53225806451609	6.7332	0.004165196748805
1.53225806451609	6.7334	0.004052699916771
1.53225806451609	6.7336	0.004058139393472
1.53225806451609	6.7338	0.003932377549683
1.53225806451609	6.734	0.00403239710001
1.53225806451609	6.7342	0.004065575822291
1.53225806451609	6.7344	0.003970382763052
1.53225806451609	6.7346	0.003988566474004
1.53225806451609	6.7348	0.003993248075795
1.53225806451609	6.735	0.003956697001678
1.53225806451609	6.7352	0.003892847158432
1.53225806451609	6.7354	0.003717417167211
1.53225806451609	6.7356	0.003669754775967
1.53225806451609	6.7358	0.003549856355638
1.53225806451609	6.736	0.003392611016683
1.53225806451609	6.7362	0.00295887198769
1.53225806451609	6.7364	0.002543929717591
1.53225806451609	6.7366	0.001539671017252
1.53225806451609	6.7368	0.001139996126796
1.53225806451609	6.737	0.002694261535276
1.53225806451609	6.7372	0.003386381844001
1.53225806451609	6.7374	0.003735508718339
1.53225806451609	6.7376	0.00396520988717
1.53225806451609	6.7378	0.00396401506029
1.53225806451609	6.738	0.003847926653758
1.53225806451609	6.7382	0.003868365758755
1.53225806451609	6.7384	0.004130836591069
1.53225806451609	6.7386	0.004015989731623
1.53225806451609	6.7388	0.003984881731305
1.53225806451609	6.739	0.004058693732626
1.53225806451609	6.7392	0.004103514609205
1.53225806451609	6.7394	0.003996423835978
1.53225806451609	6.7396	0.004036450627429
1.53225806451609	6.7398	0.003903188972929
1.53225806451609	6.74	0.00382909103047
1.53225806451609	6.7402	0.003937492126233
1.53225806451609	6.7404	0.003808301145803
1.53225806451609	6.7406	0.003970995229441
1.53225806451609	6.7408	0.003887822310307
1.53225806451609	6.741	0.003920783767232
1.53225806451609	6.7412	0.003877684701883
1.53225806451609	6.7414	0.003848524253309
1.53225806451609	6.7416	0.003844386349489
1.53225806451609	6.7418	0.003954958712988
1.53225806451609	6.742	0.003955404458323
1.53225806451609	6.7422	0.003870373232959
1.53225806451609	6.7424	0.003819909847668
1.53225806451609	6.7426	0.003871942759448
1.53225806451609	6.7428	0.003810345590048
1.53225806451609	6.743	0.003818219550461
1.53225806451609	6.7432	0.00395776032589
1.61290322580641	6.733	0.004086860099122
1.61290322580641	6.7332	0.0040848974921
1.61290322580641	6.7334	0.004085409201921
1.61290322580641	6.7336	0.003957470530368
1.61290322580641	6.7338	0.003839725008691
1.61290322580641	6.734	0.004076702262563
1.61290322580641	6.7342	0.004088391385701
1.61290322580641	6.7344	0.004154884759382
1.61290322580641	6.7346	0.00408461786369
1.61290322580641	6.7348	0.003902541895039
1.61290322580641	6.735	0.003720649605456
1.61290322580641	6.7352	0.003868387311168
1.61290322580641	6.7354	0.00371331269057
1.61290322580641	6.7356	0.003707692118637
1.61290322580641	6.7358	0.003494671182406
1.61290322580641	6.736	0.003573241663848
1.61290322580641	6.7362	0.003238408766322
1.61290322580641	6.7364	0.00294583967951
1.61290322580641	6.7366	0.00215081761419
1.61290322580641	6.7368	9.39643347985E-4
1.61290322580641	6.737	0.00163575206686
1.61290322580641	6.7372	0.003162065241243
1.61290322580641	6.7374	0.00355595199802
1.61290322580641	6.7376	0.003883090229429
1.61290322580641	6.7378	0.003922666523919
1.61290322580641	6.738	0.003881716130354
1.61290322580641	6.7382	0.003996751272464
1.61290322580641	6.7384	0.004088642126118
1.61290322580641	6.7386	0.003975859726595
1.61290322580641	6.7388	0.003936715479786
1.61290322580641	6.739	0.004001541091193
1.61290322580641	6.7392	0.003875036645621
1.61290322580641	6.7394	0.00379215722781
1.61290322580641	6.7396	0.003880566996013
1.61290322580641	6.7398	0.003977823026678
1.61290322580641	6.74	0.004020670663666
1.61290322580641	6.7402	0.003989744177397
1.61290322580641	6.7404	0.004084828283827
1.61290322580641	6.7406	0.003983447792899
1.61290322580641	6.7408	0.003932369684166
1.61290322580641	6.741	0.003970557290494
1.61290322580641	6.7412	0.003961770568137
1.61290322580641	6.7414	0.003881150862071
1.61290322580641	6.7416	0.003826302032851
1.61290322580641	6.7418	0.003869887533478
1.61290322580641	6.742	0.003888188485581
1.61290322580641	6.7422	0.003783735475273
1.61290322580641	6.7424	0.003845584759984
1.61290322580641	6.7426	0.003861492323426
1.61290322580641	6.7428	0.00375174327545
1.61290322580641	6.743	0.003908763402905
1.61290322580641	6.7432	0.003912899654054
1.69354838709674	6.733	0.004167849831182
1.69354838709674	6.7332	0.004054953520304
1.69354838709674	6.7334	0.004091901162067
1.69354838709674	6.7336	0.004087148007969
1.69354838709674	6.7338	0.004104813115025
1.69354838709674	6.734	0.003954661517888
1.69354838709674	6.7342	0.004082962113065
1.69354838709674	6.7344	0.004214548622258
1.69354838709674	6.7346	0.003934637379332
1.69354838709674	6.7348	0.00397704308378
1.69354838709674	6.735	0.004060596156549
1.69354838709674	6.7352	0.003778542406201
1.69354838709674	6.7354	0.003827861728467
1.69354838709674	6.7356	0.003837308187591
1.69354838709674	6.7358	0.003574670452879
1.69354838709674	6.736	0.003645403596902
1.69354838709674	6.7362	0.003580376735772
1.69354838709674	6.7364	0.003166830792351
1.69354838709674	6.7366	0.002885643884049
1.69354838709674	6.7368	0.002270904190094
1.69354838709674	6.737	9.54750228039E-4
1.69354838709674	6.7372	0.001682262927994
1.69354838709674	6.7374	0.002993669576857
1.69354838709674	6.7376	0.003569854025816
1.69354838709674	6.7378	0.003653173670771
1.69354838709674	6.738	0.003966859901722
1.69354838709674	6.7382	0.003805700287836
1.69354838709674	6.7384	0.003996037063735
1.69354838709674	6.7386	0.003825173671432
1.69354838709674	6.7388	0.003896352837913
1.69354838709674	6.739	0.004001011870213
1.69354838709674	6.7392	0.003936276151508
1.69354838709674	6.7394	0.004025178579893
1.69354838709674	6.7396	0.003946128861667
1.69354838709674	6.7398	0.004069752526624
1.69354838709674	6.74	0.003964147547099
1.69354838709674	6.7402	0.004013921499249
1.69354838709674	6.7404	0.003955888445359
1.69354838709674	6.7406	0.003912181185973
1.69354838709674	6.7408	0.003897957737714
1.69354838709674	6.741	0.003877920130977
1.69354838709674	6.7412	0.003874511308122
1.69354838709674	6.7414	0.003830901238905
1.69354838709674	6.7416	0.003956657131112
1.69354838709674	6.7418	0.003782236203824
1.69354838709674	6.742	0.003860626174751
1.69354838709674	6.7422	0.003857418590638
1.69354838709674	6.7424	0.003685628007085
1.69354838709674	6.7426	0.003909236534852
1.69354838709674	6.7428	0.003922972648693
1.69354838709674	6.743	0.003924822327573
1.69354838709674	6.7432	0.003821223239829
1.77419354838706	6.733	0.004231601179199
1.77419354838706	6.7332	0.004213145134359
1.77419354838706	6.7334	0.004148590556262
1.77419354838706	6.7336	0.004109857977448
1.77419354838706	6.7338	0.004022068040043
1.77419354838706	6.734	0.004104868819582
1.77419354838706	6.7342	0.004067018688682
1.77419354838706	6.7344	0.004026945178342
1.77419354838706	6.7346	0.003986895867389
1.77419354838706	6.7348	0.003878252211583
1.77419354838706	6.735	0.004039479937532
1.77419354838706	6.7352	0.003876752892213
1.77419354838706	6.7354	0.003850527588255
1.77419354838706	6.7356	0.003866274921538
1.77419354838706	6.7358	0.003849088951769
1.77419354838706	6.736	0.003663661181881
1.77419354838706	6.7362	0.003674358699897
1.77419354838706	6.7364	0.003502565596982
1.77419354838706	6.7366	0.00337615823334
1.77419354838706	6.7368	0.002962811119291
1.77419354838706	6.737	0.002055607357628
1.77419354838706	6.7372	0.001255807861993
1.77419354838706	6.7374	0.001529276470844
1.77419354838706	6.7376	0.00312566144113
1.77419354838706	6.7378	0.003448682768734
1.77419354838706	6.738	0.003730496392716
1.77419354838706	6.7382	0.003860209845305
1.77419354838706	6.7384	0.003956672938882
1.77419354838706	6.7386	0.003839175194972
1.77419354838706	6.7388	0.003980813652376
1.77419354838706	6.739	0.004123829490072
1.77419354838706	6.7392	0.003991296450466
1.77419354838706	6.7394	0.004018287334827
1.77419354838706	6.7396	0.00408090658155
1.77419354838706	6.7398	0.004077180662477
1.77419354838706	6.74	0.003917025852998
1.77419354838706	6.7402	0.004020395251682
1.77419354838706	6.7404	0.003910974821173
1.77419354838706	6.7406	0.003852080207289
1.77419354838706	6.7408	0.004090639634896
1.77419354838706	6.741	0.003916290009296
1.77419354838706	6.7412	0.003861272667739
1.77419354838706	6.7414	0.003963019811054
1.77419354838706	6.7416	0.003883705814771
1.77419354838706	6.7418	0.003859847916368
1.77419354838706	6.742	0.004040234190333
1.77419354838706	6.7422	0.003700010524825
1.77419354838706	6.7424	0.003798175984172
1.77419354838706	6.7426	0.003974684336279
1.77419354838706	6.7428	0.003893388923816
1.77419354838706	6.743	0.003908767667635
1.77419354838706	6.7432	0.003882880026763
1.85483870967738	6.733	0.004031967671393
1.85483870967738	6.7332	0.004077324020286
1.85483870967738	6.7334	0.004180723531885
1.85483870967738	6.7336	0.00419477821707
1.85483870967738	6.7338	0.004030727016288
1.85483870967738	6.734	0.004186294394299
1.85483870967738	6.7342	0.003991811337738
1.85483870967738	6.7344	0.004159056969193
1.85483870967738	6.7346	0.004062016950492
1.85483870967738	6.7348	0.003971222925638
1.85483870967738	6.735	0.003928851828408
1.85483870967738	6.7352	0.00392114106504
1.85483870967738	6.7354	0.003888379545335
1.85483870967738	6.7356	0.003985307145742
1.85483870967738	6.7358	0.00379858487771
1.85483870967738	6.736	0.00376642383694
1.85483870967738	6.7362	0.003795562572596
1.85483870967738	6.7364	0.003623706674798
1.85483870967738	6.7366	0.003576038327624
1.85483870967738	6.7368	0.003289655880769
1.85483870967738	6.737	0.003196174312824
1.85483870967738	6.7372	0.00255638800252
1.85483870967738	6.7374	0.002017622321598
1.85483870967738	6.7376	0.001175640366251
1.85483870967738	6.7378	0.002374638804711
1.85483870967738	6.738	0.002953027900391
1.85483870967738	6.7382	0.003499626160822
1.85483870967738	6.7384	0.003675563137944
1.85483870967738	6.7386	0.003819574779065
1.85483870967738	6.7388	0.003895885161704
1.85483870967738	6.739	0.004122931638198
1.85483870967738	6.7392	0.003860657890965
1.85483870967738	6.7394	0.003956372840026
1.85483870967738	6.7396	0.003918152379637
1.85483870967738	6.7398	0.003975221016209
1.85483870967738	6.74	0.004001424505531
1.85483870967738	6.7402	0.003956616597402
1.85483870967738	6.7404	0.004036630473873
1.85483870967738	6.7406	0.004001597610232
1.85483870967738	6.7408	0.003956110627937
1.85483870967738	6.741	0.003869223735211
1.85483870967738	6.7412	0.003851728694825
1.85483870967738	6.7414	0.003972860369054
1.85483870967738	6.7416	0.003874859565586
1.85483870967738	6.7418	0.00393943304639
1.85483870967738	6.742	0.003857649631945
1.85483870967738	6.7422	0.003938160889644
1.85483870967738	6.7424	0.003766063346052
1.85483870967738	6.7426	0.003830535750742
1.85483870967738	6.7428	0.003906776483145
1.85483870967738	6.743	0.003807560675935
1.85483870967738	6.7432	0.0037901105163
1.9354838709677	6.733	0.004168365033533
1.9354838709677	6.7332	0.004169252202353
1.9354838709677	6.7334	0.004248697238722
1.9354838709677	6.7336	0.004045813282263
1.9354838709677	6.7338	0.004080782762519
1.9354838709677	6.734	0.004080818701835
1.9354838709677	6.7342	0.003956096583392
1.9354838709677	6.7344	0.004038824418719
1.9354838709677	6.7346	0.003955352378112
1.9354838709677	6.7348	0.004019282898912
1.9354838709677	6.735	0.004012227736372
1.9354838709677	6.7352	0.003992643350416
1.9354838709677	6.7354	0.003856487592737
1.9354838709677	6.7356	0.003839856558066
1.9354838709677	6.7358	0.003927493380457
1.9354838709677	6.736	0.00370388434162
1.9354838709677	6.7362	0.004070135594669
1.9354838709677	6.7364	0.003780967261333
1.9354838709677	6.7366	0.003899103061746
1.9354838709677	6.7368	0.003508271081862
1.9354838709677	6.737	0.003563287253672
1.9354838709677	6.7372	0.003482850154596
1.9354838709677	6.7374	0.003113982037158
1.9354838709677	6.7376	0.002589369875654
1.9354838709677	6.7378	0.001897009552267
1.9354838709677	6.738	0.001182025432682
1.9354838709677	6.7382	0.002266386560741
1.9354838709677	6.7384	0.002920138661156
1.9354838709677	6.7386	0.003653513393298
1.9354838709677	6.7388	0.003822292206709
1.9354838709677	6.739	0.003858672339179
1.9354838709677	6.7392	0.003954295482992
1.9354838709677	6.7394	0.003974061917773
1.9354838709677	6.7396	0.003887038886481
1.9354838709677	6.7398	0.003763566978797
1.9354838709677	6.74	0.003992760291048
1.9354838709677	6.7402	0.003850039061768
1.9354838709677	6.7404	0.003936634681096
1.9354838709677	6.7406	0.004033993042229
1.9354838709677	6.7408	0.003818818585093
1.9354838709677	6.741	0.003825603301298
1.9354838709677	6.7412	0.00379866480011
1.9354838709677	6.7414	0.00386889523795
1.9354838709677	6.7416	0.003940673067327
1.9354838709677	6.7418	0.003854832667778
1.9354838709677	6.742	0.003862592399475
1.9354838709677	6.7422	0.003941063403665
1.9354838709677	6.7424	0.004002921951302
1.9354838709677	6.7426	0.003985515624462
1.9354838709677	6.7428	0.003883073768967
1.9354838709677	6.743	0.003884991493625
1.9354838709677	6.7432	0.00394911405955
