-2	6.733	0.004083593483704
-2	6.7332	0.004081169416535
-2	6.7334	0.004014897072653
-2	6.7336	0.004234725781061
-2	6.7338	0.00387192999477
-2	6.734	0.004000966046533
-2	6.7342	0.00397791328888
-2	6.7344	0.004003328809819
-2	6.7346	0.003958044834099
-2	6.7348	0.003897993840884
-2	6.735	0.004074191462645
-2	6.7352	0.003833406136756
-2	6.7354	0.003822153324132
-2	6.7356	0.003707071003941
-2	6.7358	0.003628091714339
-2	6.736	0.00356066582478
-2	6.7362	0.003580225830809
-2	6.7364	0.003440795700235
-2	6.7366	0.0033086219082
-2	6.7368	0.00312787717435
-2	6.737	0.002964708252861
-2	6.7372	0.003107933966267
-2	6.7374	0.003013189527306
-2	6.7376	0.003210623080158
-2	6.7378	0.003288051660463
-2	6.738	0.003280074378931
-2	6.7382	0.003485123622912
-2	6.7384	0.003677058439065
-2	6.7386	0.003628100457257
-2	6.7388	0.003594305762818
-2	6.739	0.003811078812639
-2	6.7392	0.003746935614425
-2	6.7394	0.003582848623465
-2	6.7396	0.003661616264518
-2	6.7398	0.003653714344356
-2	6.74	0.003641715678472
-2	6.7402	0.003691109941421
-2	6.7404	0.003607677386634
-2	6.7406	0.00364792388969
-2	6.7408	0.003766777238474
-2	6.741	0.003652375747035
-2	6.7412	0.003543090675447
-2	6.7414	0.003711853291762
-2	6.7416	0.003682868079015
-2	6.7418	0.003928252685219
-2	6.742	0.003772780842038
-2	6.7422	0.003781538994287
-2	6.7424	0.003772743814516
-2	6.7426	0.003677618808829
-2	6.7428	0.003775181155785
-2	6.743	0.003834078954554
-2	6.7432	0.003695400492072
-1.91900647948164	6.733	0.004125627184527
-1.91900647948164	6.7332	0.003952993270589
-1.91900647948164	6.7334	0.004163603039636
-1.91900647948164	6.7336	0.004089518199887
-1.91900647948164	6.7338	0.003945836212885
-1.91900647948164	6.734	0.003992673278961
-1.91900647948164	6.7342	0.004070244274913
-1.91900647948164	6.7344	0.003909194555208
-1.91900647948164	6.7346	0.003989292591518
-1.91900647948164	6.7348	0.003991731691734
-1.91900647948164	6.735	0.003872833780411
-1.91900647948164	6.7352	0.003816424960208
-1.91900647948164	6.7354	0.003926129165332
-1.91900647948164	6.7356	0.00384605816992
-1.91900647948164	6.7358	0.003576118705127
-1.91900647948164	6.736	0.003708508292984
-1.91900647948164	6.7362	0.003491113692832
-1.91900647948164	6.7364	0.003641662134774
-1.91900647948164	6.7366	0.003259727628324
-1.91900647948164	6.7368	0.003167855185997
-1.91900647948164	6.737	0.003110290048434
-1.91900647948164	6.7372	0.002985330653885
-1.91900647948164	6.7374	0.003180632273374
-1.91900647948164	6.7376	0.003203723262393
-1.91900647948164	6.7378	0.003225170314743
-1.91900647948164	6.738	0.003438513236989
-1.91900647948164	6.7382	0.003604412510468
-1.91900647948164	6.7384	0.003549927187599
-1.91900647948164	6.7386	0.003606910023387
-1.91900647948164	6.7388	0.003594099258588
-1.91900647948164	6.739	0.003645286262433
-1.91900647948164	6.7392	0.003807816672707
-1.91900647948164	6.7394	0.003712869174266
-1.91900647948164	6.7396	0.003677172686788
-1.91900647948164	6.7398	0.003544059362847
-1.91900647948164	6.74	0.003785647778259
-1.91900647948164	6.7402	0.003757119487536
-1.91900647948164	6.7404	0.003662094316797
-1.91900647948164	6.7406	0.003617683684931
-1.91900647948164	6.7408	0.003759007130416
-1.91900647948164	6.741	0.00371291827351
-1.91900647948164	6.7412	0.003832973579957
-1.91900647948164	6.7414	0.003861276164323
-1.91900647948164	6.7416	0.00384004149348
-1.91900647948164	6.7418	0.003830093510865
-1.91900647948164	6.742	0.003899892116899
-1.91900647948164	6.7422	0.00388615598351
-1.91900647948164	6.7424	0.003747730606932
-1.91900647948164	6.7426	0.003757874656388
-1.91900647948164	6.7428	0.003858572015925
-1.91900647948164	6.743	0.003705712098338
-1.91900647948164	6.7432	0.00387285507117
-1.83801295896328	6.733	0.004114366343578
-1.83801295896328	6.7332	0.00391555221146
-1.83801295896328	6.7334	0.004063330019135
-1.83801295896328	6.7336	0.004155663924699
-1.83801295896328	6.7338	0.003990194714674
-1.83801295896328	6.734	0.004013940878525
-1.83801295896328	6.7342	0.003954248610737
-1.83801295896328	6.7344	0.003894321087694
-1.83801295896328	6.7346	0.00389464678442
-1.83801295896328	6.7348	0.003937166417724
-1.83801295896328	6.735	0.003954741184025
-1.83801295896328	6.7352	0.003815444290207
-1.83801295896328	6.7354	0.003751232293708
-1.83801295896328	6.7356	0.003613129506027
-1.83801295896328	6.7358	0.003693538866094
-1.83801295896328	6.736	0.003662269779194
-1.83801295896328	6.7362	0.00363870968555
-1.83801295896328	6.7364	0.003410419444308
-1.83801295896328	6.7366	0.003218690720645
-1.83801295896328	6.7368	0.003262582235237
-1.83801295896328	6.737	0.003110790892846
-1.83801295896328	6.7372	0.002971386476233
-1.83801295896328	6.7374	0.002958277607497
-1.83801295896328	6.7376	0.003097848696906
-1.83801295896328	6.7378	0.00316921327834
-1.83801295896328	6.738	0.003529841810395
-1.83801295896328	6.7382	0.003589831956177
-1.83801295896328	6.7384	0.003696203975204
-1.83801295896328	6.7386	0.003645998759673
-1.83801295896328	6.7388	0.003686779717421
-1.83801295896328	6.739	0.003721579528749
-1.83801295896328	6.7392	0.003644525197619
-1.83801295896328	6.7394	0.00362557753036
-1.83801295896328	6.7396	0.003691084761099
-1.83801295896328	6.7398	0.003630612025961
-1.83801295896328	6.74	0.003681697836022
-1.83801295896328	6.7402	0.003655411182207
-1.83801295896328	6.7404	0.003647528211757
-1.83801295896328	6.7406	0.003638009103061
-1.83801295896328	6.7408	0.003653895123499
-1.83801295896328	6.741	0.003668176905534
-1.83801295896328	6.7412	0.003746163497757
-1.83801295896328	6.7414	0.003827763914016
-1.83801295896328	6.7416	0.00387018498304
-1.83801295896328	6.7418	0.003756213370211
-1.83801295896328	6.742	0.003927192782893
-1.83801295896328	6.7422	0.003671562456409
-1.83801295896328	6.7424	0.003865277884834
-1.83801295896328	6.7426	0.003660464155229
-1.83801295896328	6.7428	0.003738402359223
-1.83801295896328	6.743	0.003815056089477
-1.83801295896328	6.7432	0.003874920981411
-1.75701943844492	6.733	0.00415487754935
-1.75701943844492	6.7332	0.004053315169432
-1.75701943844492	6.7334	0.003995037217489
-1.75701943844492	6.7336	0.004094220967923
-1.75701943844492	6.7338	0.004065420869104
-1.75701943844492	6.734	0.003924848177787
-1.75701943844492	6.7342	0.003857540766422
-1.75701943844492	6.7344	0.003878136134256
-1.75701943844492	6.7346	0.003884089625585
-1.75701943844492	6.7348	0.004020626360948
-1.75701943844492	6.735	0.003926117403283
-1.75701943844492	6.7352	0.003850150736537
-1.75701943844492	6.7354	0.003844562033534
-1.75701943844492	6.7356	0.003848212173323
-1.75701943844492	6.7358	0.003769104157879
-1.75701943844492	6.736	0.003788804499289
-1.75701943844492	6.7362	0.0035625361776
-1.75701943844492	6.7364	0.00352108152115
-1.75701943844492	6.7366	0.003341421429254
-1.75701943844492	6.7368	0.0032465937585
-1.75701943844492	6.737	0.003230869272576
-1.75701943844492	6.7372	0.00322197534263
-1.75701943844492	6.7374	0.003207400338097
-1.75701943844492	6.7376	0.002996107251124
-1.75701943844492	6.7378	0.003075920873547
-1.75701943844492	6.738	0.003150208355938
-1.75701943844492	6.7382	0.003345909280524
-1.75701943844492	6.7384	0.00341879292379
-1.75701943844492	6.7386	0.003520188131677
-1.75701943844492	6.7388	0.003710402457094
-1.75701943844492	6.739	0.003641430395534
-1.75701943844492	6.7392	0.003715642133358
-1.75701943844492	6.7394	0.00359993670938
-1.75701943844492	6.7396	0.003572150922992
-1.75701943844492	6.7398	0.003551083880893
-1.75701943844492	6.74	0.003710825262681
-1.75701943844492	6.7402	0.003619605598891
-1.75701943844492	6.7404	0.003479203953777
-1.75701943844492	6.7406	0.003721984899713
-1.75701943844492	6.7408	0.003587573284988
-1.75701943844492	6.741	0.003782445447075
-1.75701943844492	6.7412	0.00367578140735
-1.75701943844492	6.7414	0.003782131384803
-1.75701943844492	6.7416	0.003778960711096
-1.75701943844492	6.7418	0.003772711047384
-1.75701943844492	6.742	0.003739508211293
-1.75701943844492	6.7422	0.003811431767993
-1.75701943844492	6.7424	0.003922215930854
-1.75701943844492	6.7426	0.003717107986871
-1.75701943844492	6.7428	0.003903326787696
-1.75701943844492	6.743	0.003752164467332
-1.75701943844492	6.7432	0.003722567748112
-1.67602591792657	6.733	0.004097568879545
-1.67602591792657	6.7332	0.003977926763819
-1.67602591792657	6.7334	0.004137280524623
-1.67602591792657	6.7336	0.004059794874091
-1.67602591792657	6.7338	0.0040876871936
-1.67602591792657	6.734	0.00393229004002
-1.67602591792657	6.7342	0.004053597748839
-1.67602591792657	6.7344	0.004000595779166
-1.67602591792657	6.7346	0.003867714659262
-1.67602591792657	6.7348	0.003966750197406
-1.67602591792657	6.735	0.003833983517481
-1.67602591792657	6.7352	0.003909901442647
-1.67602591792657	6.7354	0.003965568178205
-1.67602591792657	6.7356	0.00383047719271
-1.67602591792657	6.7358	0.003786885676104
-1.67602591792657	6.736	0.003513402184361
-1.67602591792657	6.7362	0.003600303997714
-1.67602591792657	6.7364	0.003623935445401
-1.67602591792657	6.7366	0.003577853357723
-1.67602591792657	6.7368	0.003482430476779
-1.67602591792657	6.737	0.003212992995649
-1.67602591792657	6.7372	0.003101821704579
-1.67602591792657	6.7374	0.003091212093346
-1.67602591792657	6.7376	0.003043827070165
-1.67602591792657	6.7378	0.002994687522745
-1.67602591792657	6.738	0.003004363394834
-1.67602591792657	6.7382	0.003190034423908
-1.67602591792657	6.7384	0.003188601581396
-1.67602591792657	6.7386	0.003420166633233
-1.67602591792657	6.7388	0.003234424730852
-1.67602591792657	6.739	0.003348294955916
-1.67602591792657	6.7392	0.003560468837306
-1.67602591792657	6.7394	0.003510527982782
-1.67602591792657	6.7396	0.003581919240207
-1.67602591792657	6.7398	0.003521196596598
-1.67602591792657	6.74	0.003712760688206
-1.67602591792657	6.7402	0.003752058792741
-1.67602591792657	6.7404	0.003597125440411
-1.67602591792657	6.7406	0.003753078455006
-1.67602591792657	6.7408	0.003636594248021
-1.67602591792657	6.741	0.003669802817476
-1.67602591792657	6.7412	0.00372259395727
-1.67602591792657	6.7414	0.003757424969516
-1.67602591792657	6.7416	0.003665703300054
-1.67602591792657	6.7418	0.003742681737048
-1.67602591792657	6.742	0.003722433181778
-1.67602591792657	6.7422	0.003914376235285
-1.67602591792657	6.7424	0.003755356123963
-1.67602591792657	6.7426	0.004004038581014
-1.67602591792657	6.7428	0.003757614713134
-1.67602591792657	6.743	0.003810335311057
-1.67602591792657	6.7432	0.003730881654883
-1.59503239740821	6.733	0.004048933037661
-1.59503239740821	6.7332	0.004222857418199
-1.59503239740821	6.7334	0.004008309301225
-1.59503239740821	6.7336	0.004032517189626
-1.59503239740821	6.7338	0.004115093382913
-1.59503239740821	6.734	0.004030912537883
-1.59503239740821	6.7342	0.004163617999407
-1.59503239740821	6.7344	0.004095747314789
-1.59503239740821	6.7346	0.003912396798753
-1.59503239740821	6.7348	0.003854681976592
-1.59503239740821	6.735	0.003876021717911
-1.59503239740821	6.7352	0.003825532274421
-1.59503239740821	6.7354	0.003784421917816
-1.59503239740821	6.7356	0.003967305850575
-1.59503239740821	6.7358	0.003957943031948
-1.59503239740821	6.736	0.003829415310056
-1.59503239740821	6.7362	0.003923063721072
-1.59503239740821	6.7364	0.003804736533043
-1.59503239740821	6.7366	0.003643091924916
-1.59503239740821	6.7368	0.00343020625738
-1.59503239740821	6.737	0.003427747732434
-1.59503239740821	6.7372	0.00325523191685
-1.59503239740821	6.7374	0.003192515456487
-1.59503239740821	6.7376	0.002964002832078
-1.59503239740821	6.7378	0.002907898197469
-1.59503239740821	6.738	0.002745188827487
-1.59503239740821	6.7382	0.002755521772627
-1.59503239740821	6.7384	0.002637824849003
-1.59503239740821	6.7386	0.002938164265319
-1.59503239740821	6.7388	0.003072066614257
-1.59503239740821	6.739	0.003192732469566
-1.59503239740821	6.7392	0.003403816566143
-1.59503239740821	6.7394	0.003461469921015
-1.59503239740821	6.7396	0.003738965061227
-1.59503239740821	6.7398	0.003799758006885
-1.59503239740821	6.74	0.003826334691885
-1.59503239740821	6.7402	0.003787619566579
-1.59503239740821	6.7404	0.003663757712781
-1.59503239740821	6.7406	0.003763873989044
-1.59503239740821	6.7408	0.003806804657901
-1.59503239740821	6.741	0.003978681332757
-1.59503239740821	6.7412	0.003728777099397
-1.59503239740821	6.7414	0.003778403361395
-1.59503239740821	6.7416	0.003852594085937
-1.59503239740821	6.7418	0.0036147212549
-1.59503239740821	6.742	0.003916334880974
-1.59503239740821	6.7422	0.003917189617938
-1.59503239740821	6.7424	0.003896668196569
-1.59503239740821	6.7426	0.003848346655161
-1.59503239740821	6.7428	0.003722863534689
-1.59503239740821	6.743	0.003804385363747
-1.59503239740821	6.7432	0.003862769395319
-1.51403887688985	6.733	0.004024468908104
-1.51403887688985	6.7332	0.004150179430859
-1.51403887688985	6.7334	0.004029334916308
-1.51403887688985	6.7336	0.004009399923192
-1.51403887688985	6.7338	0.004060281923075
-1.51403887688985	6.734	0.004148447528068
-1.51403887688985	6.7342	0.004056170591285
-1.51403887688985	6.7344	0.00401151588173
-1.51403887688985	6.7346	0.004000992675457
-1.51403887688985	6.7348	0.003851873541819
-1.51403887688985	6.735	0.003921143219082
-1.51403887688985	6.7352	0.003971497796641
-1.51403887688985	6.7354	0.003967849414321
-1.51403887688985	6.7356	0.003882183413981
-1.51403887688985	6.7358	0.003992819648355
-1.51403887688985	6.736	0.003669008998362
-1.51403887688985	6.7362	0.003811847983085
-1.51403887688985	6.7364	0.003688232868453
-1.51403887688985	6.7366	0.003555038846278
-1.51403887688985	6.7368	0.003778237414269
-1.51403887688985	6.737	0.003527984018709
-1.51403887688985	6.7372	0.003361415345258
-1.51403887688985	6.7374	0.003428144040615
-1.51403887688985	6.7376	0.003195755965365
-1.51403887688985	6.7378	0.002857723769821
-1.51403887688985	6.738	0.002837939189674
-1.51403887688985	6.7382	0.002566541034891
-1.51403887688985	6.7384	0.002561126706965
-1.51403887688985	6.7386	0.002675416271108
-1.51403887688985	6.7388	0.002964263512265
-1.51403887688985	6.739	0.003187496015901
-1.51403887688985	6.7392	0.003466964104567
-1.51403887688985	6.7394	0.003580351835558
-1.51403887688985	6.7396	0.003667554824566
-1.51403887688985	6.7398	0.003659177119673
-1.51403887688985	6.74	0.003722931968316
-1.51403887688985	6.7402	0.003799146386681
-1.51403887688985	6.7404	0.003780522766143
-1.51403887688985	6.7406	0.003690987892231
-1.51403887688985	6.7408	0.003787024740271
-1.51403887688985	6.741	0.003784426299224
-1.51403887688985	6.7412	0.003927368552849
-1.51403887688985	6.7414	0.003849093847485
-1.51403887688985	6.7416	0.00386358057865
-1.51403887688985	6.7418	0.003896500224835
-1.51403887688985	6.742	0.003964396580626
-1.51403887688985	6.7422	0.003800781061883
-1.51403887688985	6.7424	0.003847135149568
-1.51403887688985	6.7426	0.003934910661394
-1.51403887688985	6.7428	0.003793011867172
-1.51403887688985	6.743	0.003865154967247
-1.51403887688985	6.7432	0.003798183695561
-1.43304535637149	6.733	0.004119346826785
-1.43304535637149	6.7332	0.004284990491726
-1.43304535637149	6.7334	0.004084887607127
-1.43304535637149	6.7336	0.004053668721747
-1.43304535637149	6.7338	0.004038920959436
-1.43304535637149	6.734	0.004004175935438
-1.43304535637149	6.7342	0.004025302924901
-1.43304535637149	6.7344	0.004115848361542
-1.43304535637149	6.7346	0.003979433365911
-1.43304535637149	6.7348	0.003912865418029
-1.43304535637149	6.735	0.00389177631688
-1.43304535637149	6.7352	0.003918467581117
-1.43304535637149	6.7354	0.004049228861861
-1.43304535637149	6.7356	0.004014612711537
-1.43304535637149	6.7358	0.003767799026324
-1.43304535637149	6.736	0.003843285601759
-1.43304535637149	6.7362	0.003698342233579
-1.43304535637149	6.7364	0.003685155819862
-1.43304535637149	6.7366	0.003591424202705
-1.43304535637149	6.7368	0.003668329910189
-1.43304535637149	6.737	0.003631176561466
-1.43304535637149	6.7372	0.003552395340234
-1.43304535637149	6.7374	0.003291651194501
-1.43304535637149	6.7376	0.003125494970791
-1.43304535637149	6.7378	0.002969687096529
-1.43304535637149	6.738	0.002923707223757
-1.43304535637149	6.7382	0.003001154337144
-1.43304535637149	6.7384	0.002802858123034
-1.43304535637149	6.7386	0.002731880811968
-1.43304535637149	6.7388	0.002908942138964
-1.43304535637149	6.739	0.003034971963457
-1.43304535637149	6.7392	0.003185632978246
-1.43304535637149	6.7394	0.003262513927448
-1.43304535637149	6.7396	0.003589524198331
-1.43304535637149	6.7398	0.003767956916954
-1.43304535637149	6.74	0.003823305961849
-1.43304535637149	6.7402	0.003648285120573
-1.43304535637149	6.7404	0.003663900605396
-1.43304535637149	6.7406	0.003696114011959
-1.43304535637149	6.7408	0.00382450158775
-1.43304535637149	6.741	0.003903641811326
-1.43304535637149	6.7412	0.003780428391379
-1.43304535637149	6.7414	0.003725807671384
-1.43304535637149	6.7416	0.003760916823295
-1.43304535637149	6.7418	0.003800989149173
-1.43304535637149	6.742	0.003764098711448
-1.43304535637149	6.7422	0.003769299879239
-1.43304535637149	6.7424	0.003802330498084
-1.43304535637149	6.7426	0.003851378323927
-1.43304535637149	6.7428	0.003853900184103
-1.43304535637149	6.743	0.003750818194553
-1.43304535637149	6.7432	0.003813291592275
-1.35205183585313	6.733	0.004124532834606
-1.35205183585313	6.7332	0.004246672942508
-1.35205183585313	6.7334	0.004134596693339
-1.35205183585313	6.7336	0.003968352149788
-1.35205183585313	6.7338	0.004085951200991
-1.35205183585313	6.734	0.00411339740332
-1.35205183585313	6.7342	0.004158425224096
-1.35205183585313	6.7344	0.004031691220676
-1.35205183585313	6.7346	0.003974428056672
-1.35205183585313	6.7348	0.003884667692688
-1.35205183585313	6.735	0.003951966113348
-1.35205183585313	6.7352	0.00373379722879
-1.35205183585313	6.7354	0.003855925234918
-1.35205183585313	6.7356	0.003847035765963
-1.35205183585313	6.7358	0.003730166288905
-1.35205183585313	6.736	0.003687946993015
-1.35205183585313	6.7362	0.00378088475322
-1.35205183585313	6.7364	0.003770713312903
-1.35205183585313	6.7366	0.003731888099296
-1.35205183585313	6.7368	0.003538455233774
-1.35205183585313	6.737	0.003624294624578
-1.35205183585313	6.7372	0.003499446465823
-1.35205183585313	6.7374	0.003446875303335
-1.35205183585313	6.7376	0.003211853908734
-1.35205183585313	6.7378	0.003081467883069
-1.35205183585313	6.738	0.003129269643122
-1.35205183585313	6.7382	0.003121246318427
-1.35205183585313	6.7384	0.003263538850879
-1.35205183585313	6.7386	0.00319175487793
-1.35205183585313	6.7388	0.003296152223684
-1.35205183585313	6.739	0.003271156256323
-1.35205183585313	6.7392	0.003238356640992
-1.35205183585313	6.7394	0.003336325555703
-1.35205183585313	6.7396	0.003388382410824
-1.35205183585313	6.7398	0.003350152082817
-1.35205183585313	6.74	0.003438415547679
-1.35205183585313	6.7402	0.003585033179942
-1.35205183585313	6.7404	0.003586868090159
-1.35205183585313	6.7406	0.003473822892475
-1.35205183585313	6.7408	0.003883659913162
-1.35205183585313	6.741	0.00373919706484
-1.35205183585313	6.7412	0.003758095959066
-1.35205183585313	6.7414	0.003810759766682
-1.35205183585313	6.7416	0.003826673803034
-1.35205183585313	6.7418	0.003834394265377
-1.35205183585313	6.742	0.003749884088897
-1.35205183585313	6.7422	0.003821128024968
-1.35205183585313	6.7424	0.003976539263542
-1.35205183585313	6.7426	0.003753067102443
-1.35205183585313	6.7428	0.003844093412389
-1.35205183585313	6.743	0.003975913338944
-1.35205183585313	6.7432	0.003666234847099
-1.27105831533477	6.733	0.004083649579157
-1.27105831533477	6.7332	0.004094839476891
-1.27105831533477	6.7334	0.004045439763209
-1.27105831533477	6.7336	0.00415266472731
-1.27105831533477	6.7338	0.003952960181636
-1.27105831533477	6.734	0.004084081263725
-1.27105831533477	6.7342	0.003922458597791
-1.27105831533477	6.7344	0.003925976432756
-1.27105831533477	6.7346	0.003960654685491
-1.27105831533477	6.7348	0.004122326223485
-1.27105831533477	6.735	0.003926434564914
-1.27105831533477	6.7352	0.004002679993505
-1.27105831533477	6.7354	0.003756497420396
-1.27105831533477	6.7356	0.003826477622557
-1.27105831533477	6.7358	0.00368504695645
-1.27105831533477	6.736	0.003728575420541
-1.27105831533477	6.7362	0.00382125828088
-1.27105831533477	6.7364	0.003760689755243
-1.27105831533477	6.7366	0.003680214608349
-1.27105831533477	6.7368	0.003554138360232
-1.27105831533477	6.737	0.003571585684208
-1.27105831533477	6.7372	0.00335043023655
-1.27105831533477	6.7374	0.003426483497454
-1.27105831533477	6.7376	0.003297003880751
-1.27105831533477	6.7378	0.003466565993742
-1.27105831533477	6.738	0.003266640703416
-1.27105831533477	6.7382	0.003340429356591
-1.27105831533477	6.7384	0.003277401354177
-1.27105831533477	6.7386	0.003495557768201
-1.27105831533477	6.7388	0.003371431160228
-1.27105831533477	6.739	0.003346998411214
-1.27105831533477	6.7392	0.003301012499695
-1.27105831533477	6.7394	0.003358805721276
-1.27105831533477	6.7396	0.00335505090905
-1.27105831533477	6.7398	0.003279850446466
-1.27105831533477	6.74	0.003405619491473
-1.27105831533477	6.7402	0.003284384858084
-1.27105831533477	6.7404	0.003445407654545
-1.27105831533477	6.7406	0.003504341543314
-1.27105831533477	6.7408	0.003596702469038
-1.27105831533477	6.741	0.003651517346751
-1.27105831533477	6.7412	0.003549573879817
-1.27105831533477	6.7414	0.003626846489062
-1.27105831533477	6.7416	0.003657778797085
-1.27105831533477	6.7418	0.003734929481892
-1.27105831533477	6.742	0.00385145079255
-1.27105831533477	6.7422	0.003765295142333
-1.27105831533477	6.7424	0.003680604866418
-1.27105831533477	6.7426	0.00375839651522
-1.27105831533477	6.7428	0.003760705578037
-1.27105831533477	6.743	0.003866579425524
-1.27105831533477	6.7432	0.003711827834418
-1.19006479481641	6.733	0.004146677750165
-1.19006479481641	6.7332	0.004123798436583
-1.19006479481641	6.7334	0.004111170061878
-1.19006479481641	6.7336	0.004114093144242
-1.19006479481641	6.7338	0.004036517156052
-1.19006479481641	6.734	0.00420293975225
-1.19006479481641	6.7342	0.003985226145487
-1.19006479481641	6.7344	0.004072717629045
-1.19006479481641	6.7346	0.00397049344154
-1.19006479481641	6.7348	0.004091004785876
-1.19006479481641	6.735	0.003830552953514
-1.19006479481641	6.7352	0.004054190351235
-1.19006479481641	6.7354	0.003932216638279
-1.19006479481641	6.7356	0.00376922017434
-1.19006479481641	6.7358	0.003805461185382
-1.19006479481641	6.736	0.003903842338794
-1.19006479481641	6.7362	0.003762526964718
-1.19006479481641	6.7364	0.003604439817622
-1.19006479481641	6.7366	0.003672486120074
-1.19006479481641	6.7368	0.00348805455898
-1.19006479481641	6.737	0.00335803703246
-1.19006479481641	6.7372	0.003372851820079
-1.19006479481641	6.7374	0.003113526693513
-1.19006479481641	6.7376	0.003291273443271
-1.19006479481641	6.7378	0.003417107182636
-1.19006479481641	6.738	0.003352540824315
-1.19006479481641	6.7382	0.00359215332961
-1.19006479481641	6.7384	0.003603193641522
-1.19006479481641	6.7386	0.003451954323476
-1.19006479481641	6.7388	0.003556474764086
-1.19006479481641	6.739	0.003580263633845
-1.19006479481641	6.7392	0.003581490323829
-1.19006479481641	6.7394	0.003521635387026
-1.19006479481641	6.7396	0.003315698073389
-1.19006479481641	6.7398	0.003366588313759
-1.19006479481641	6.74	0.003205910332054
-1.19006479481641	6.7402	0.003274710018123
-1.19006479481641	6.7404	0.003268685518845
-1.19006479481641	6.7406	0.003356994050225
-1.19006479481641	6.7408	0.003463532723652
-1.19006479481641	6.741	0.003454652901332
-1.19006479481641	6.7412	0.003556534953859
-1.19006479481641	6.7414	0.003428587305505
-1.19006479481641	6.7416	0.003714350484009
-1.19006479481641	6.7418	0.003678203712124
-1.19006479481641	6.742	0.00350585325742
-1.19006479481641	6.7422	0.003617416990338
-1.19006479481641	6.7424	0.003731561999669
-1.19006479481641	6.7426	0.003767476806286
-1.19006479481641	6.7428	0.003770691614551
-1.19006479481641	6.743	0.003779874762608
-1.19006479481641	6.7432	0.003670926945855
-1.10907127429806	6.733	0.004112876072815
-1.10907127429806	6.7332	0.004021251034902
-1.10907127429806	6.7334	0.004056026798417
-1.10907127429806	6.7336	0.004042265452184
-1.10907127429806	6.7338	0.004003548693288
-1.10907127429806	6.734	0.00418224919541
-1.10907127429806	6.7342	0.004073411287307
-1.10907127429806	6.7344	0.004118366058699
-1.10907127429806	6.7346	0.003944711441759
-1.10907127429806	6.7348	0.003956144159797
-1.10907127429806	6.735	0.003848660298743
-1.10907127429806	6.7352	0.003969041007663
-1.10907127429806	6.7354	0.003813128206341
-1.10907127429806	6.7356	0.003726723042655
-1.10907127429806	6.7358	0.003874458993408
-1.10907127429806	6.736	0.003704421923245
-1.10907127429806	6.7362	0.003640445269074
-1.10907127429806	6.7364	0.00343454499601
-1.10907127429806	6.7366	0.003456663614972
-1.10907127429806	6.7368	0.003474692452831
-1.10907127429806	6.737	0.00344822662641
-1.10907127429806	6.7372	0.003362456194632
-1.10907127429806	6.7374	0.003301018196606
-1.10907127429806	6.7376	0.003502432988214
-1.10907127429806	6.7378	0.003462374644096
-1.10907127429806	6.738	0.003440712384054
-1.10907127429806	6.7382	0.003519049081365
-1.10907127429806	6.7384	0.003770970536585
-1.10907127429806	6.7386	0.003589768005528
-1.10907127429806	6.7388	0.003631676080202
-1.10907127429806	6.739	0.003548151430278
-1.10907127429806	6.7392	0.003641244422905
-1.10907127429806	6.7394	0.003477267653451
-1.10907127429806	6.7396	0.003586725266628
-1.10907127429806	6.7398	0.003499054612281
-1.10907127429806	6.74	0.0033926225391
-1.10907127429806	6.7402	0.003508381961126
-1.10907127429806	6.7404	0.003402614189026
-1.10907127429806	6.7406	0.003306727094264
-1.10907127429806	6.7408	0.003363495503039
-1.10907127429806	6.741	0.003424187354373
-1.10907127429806	6.7412	0.003468323510183
-1.10907127429806	6.7414	0.003686716296694
-1.10907127429806	6.7416	0.003557029149136
-1.10907127429806	6.7418	0.003722577074415
-1.10907127429806	6.742	0.003666754073133
-1.10907127429806	6.7422	0.003804290518809
-1.10907127429806	6.7424	0.003770509990299
-1.10907127429806	6.7426	0.003818793571163
-1.10907127429806	6.7428	0.003765120141177
-1.10907127429806	6.743	0.00373613637659
-1.10907127429806	6.7432	0.003728886914241
-1.0280777537797	6.733	0.004057008686533
-1.0280777537797	6.7332	0.004160101332066
-1.0280777537797	6.7334	0.004111656715201
-1.0280777537797	6.7336	0.004055341511382
-1.0280777537797	6.7338	0.004144731311929
-1.0280777537797	6.734	0.004042491298653
-1.0280777537797	6.7342	0.004091884910237
-1.0280777537797	6.7344	0.00392110189093
-1.0280777537797	6.7346	0.004051300363277
-1.0280777537797	6.7348	0.003952045993892
-1.0280777537797	6.735	0.003922802335075
-1.0280777537797	6.7352	0.004066917967037
-1.0280777537797	6.7354	0.003791750031938
-1.0280777537797	6.7356	0.003874229063027
-1.0280777537797	6.7358	0.003747135817242
-1.0280777537797	6.736	0.003819210565402
-1.0280777537797	6.7362	0.003779803294447
-1.0280777537797	6.7364	0.003616587529504
-1.0280777537797	6.7366	0.003526358154686
-1.0280777537797	6.7368	0.003464611426224
-1.0280777537797	6.737	0.003315993469392
-1.0280777537797	6.7372	0.00335978207283
-1.0280777537797	6.7374	0.003445178557352
-1.0280777537797	6.7376	0.003406413720056
-1.0280777537797	6.7378	0.003563001513555
-1.0280777537797	6.738	0.003383089190784
-1.0280777537797	6.7382	0.003467337135727
-1.0280777537797	6.7384	0.003547147748968
-1.0280777537797	6.7386	0.00350295912118
-1.0280777537797	6.7388	0.003487504656163
-1.0280777537797	6.739	0.003585569833227
-1.0280777537797	6.7392	0.003632773943645
-1.0280777537797	6.7394	0.003678988976854
-1.0280777537797	6.7396	0.003490578754903
-1.0280777537797	6.7398	0.003467001091154
-1.0280777537797	6.74	0.003398269026496
-1.0280777537797	6.7402	0.003420700331171
-1.0280777537797	6.7404	0.003590681970267
-1.0280777537797	6.7406	0.003445887908645
-1.0280777537797	6.7408	0.003629851047659
-1.0280777537797	6.741	0.003501364891195
-1.0280777537797	6.7412	0.003590481678267
-1.0280777537797	6.7414	0.003773126317121
-1.0280777537797	6.7416	0.003598549617388
-1.0280777537797	6.7418	0.003715979591029
-1.0280777537797	6.742	0.003608567937326
-1.0280777537797	6.7422	0.003695038925811
-1.0280777537797	6.7424	0.003753460184642
-1.0280777537797	6.7426	0.003865644818149
-1.0280777537797	6.7428	0.003851713790943
-1.0280777537797	6.743	0.003829549957258
-1.0280777537797	6.7432	0.003746419797189
-0.947084233261339	6.733	0.004146786729914
-0.947084233261339	6.7332	0.004106173786715
-0.947084233261339	6.7334	0.004179209571459
-0.947084233261339	6.7336	0.004114374314621
-0.947084233261339	6.7338	0.004143782000959
-0.947084233261339	6.734	0.004157841978054
-0.947084233261339	6.7342	0.00397449236928
-0.947084233261339	6.7344	0.004027981284391
-0.947084233261339	6.7346	0.003952797788504
-0.947084233261339	6.7348	0.003854572180686
-0.947084233261339	6.735	0.003937749782928
-0.947084233261339	6.7352	0.003687944669772
-0.947084233261339	6.7354	0.003865015809062
-0.947084233261339	6.7356	0.003933062660072
-0.947084233261339	6.7358	0.003614232605934
-0.947084233261339	6.736	0.003620875489603
-0.947084233261339	6.7362	0.003621016305467
-0.947084233261339	6.7364	0.003528737995813
-0.947084233261339	6.7366	0.003574390318608
-0.947084233261339	6.7368	0.003503130004459
-0.947084233261339	6.737	0.003408354472551
-0.947084233261339	6.7372	0.003401810963636
-0.947084233261339	6.7374	0.003209964956835
-0.947084233261339	6.7376	0.003377765606045
-0.947084233261339	6.7378	0.003414293652725
-0.947084233261339	6.738	0.003454630331345
-0.947084233261339	6.7382	0.003463108956929
-0.947084233261339	6.7384	0.003411609183005
-0.947084233261339	6.7386	0.003565870882241
-0.947084233261339	6.7388	0.003608153245087
-0.947084233261339	6.739	0.003499796282656
-0.947084233261339	6.7392	0.003551002778734
-0.947084233261339	6.7394	0.00360688751093
-0.947084233261339	6.7396	0.003586820316655
-0.947084233261339	6.7398	0.003566120712018
-0.947084233261339	6.74	0.003511621743136
-0.947084233261339	6.7402	0.003383819192475
-0.947084233261339	6.7404	0.003403720221454
-0.947084233261339	6.7406	0.003454944857919
-0.947084233261339	6.7408	0.003549155563711
-0.947084233261339	6.741	0.003522606961582
-0.947084233261339	6.7412	0.003385259552861
-0.947084233261339	6.7414	0.003637076069296
-0.947084233261339	6.7416	0.003675138982637
-0.947084233261339	6.7418	0.003663923036332
-0.947084233261339	6.742	0.003713340643369
-0.947084233261339	6.7422	0.003761861157361
-0.947084233261339	6.7424	0.003628635424284
-0.947084233261339	6.7426	0.003628886714714
-0.947084233261339	6.7428	0.003790406643932
-0.947084233261339	6.743	0.003851422757046
-0.947084233261339	6.7432	0.003696049241548
-0.86609071274298	6.733	0.00413214164064
-0.86609071274298	6.7332	0.004056177709711
-0.86609071274298	6.7334	0.004158528256497
-0.86609071274298	6.7336	0.003984876128194
-0.86609071274298	6.7338	0.004092565780291
-0.86609071274298	6.734	0.004136032835392
-0.86609071274298	6.7342	0.003986372884303
-0.86609071274298	6.7344	0.004078675368426
-0.86609071274298	6.7346	0.00380031483586
-0.86609071274298	6.7348	0.003975911705273
-0.86609071274298	6.735	0.004057266679455
-0.86609071274298	6.7352	0.003813716867581
-0.86609071274298	6.7354	0.003966620129878
-0.86609071274298	6.7356	0.0038635006118
-0.86609071274298	6.7358	0.003702961536067
-0.86609071274298	6.736	0.003722808130498
-0.86609071274298	6.7362	0.003566028561114
-0.86609071274298	6.7364	0.003751153110386
-0.86609071274298	6.7366	0.003677003680461
-0.86609071274298	6.7368	0.003393236011384
-0.86609071274298	6.737	0.003378807203193
-0.86609071274298	6.7372	0.003309789812317
-0.86609071274298	6.7374	0.003380945580797
-0.86609071274298	6.7376	0.003352145076357
-0.86609071274298	6.7378	0.003369333830436
-0.86609071274298	6.738	0.003458094482831
-0.86609071274298	6.7382	0.003375075643941
-0.86609071274298	6.7384	0.003490383491549
-0.86609071274298	6.7386	0.003623746409997
-0.86609071274298	6.7388	0.003519978691233
-0.86609071274298	6.739	0.003773745098654
-0.86609071274298	6.7392	0.003527918785218
-0.86609071274298	6.7394	0.003533598289454
-0.86609071274298	6.7396	0.003282560218111
-0.86609071274298	6.7398	0.003441146989854
-0.86609071274298	6.74	0.003496448070551
-0.86609071274298	6.7402	0.003368548768913
-0.86609071274298	6.7404	0.003308127111002
-0.86609071274298	6.7406	0.003460274633097
-0.86609071274298	6.7408	0.003598279724781
-0.86609071274298	6.741	0.003347557060194
-0.86609071274298	6.7412	0.003414494028796
-0.86609071274298	6.7414	0.003625663605815
-0.86609071274298	6.7416	0.003572509272022
-0.86609071274298	6.7418	0.003591842989924
-0.86609071274298	6.742	0.003703379934396
-0.86609071274298	6.7422	0.003696965135658
-0.86609071274298	6.7424	0.00369074079755
-0.86609071274298	6.7426	0.003662328849184
-0.86609071274298	6.7428	0.003777385342371
-0.86609071274298	6.743	0.003875898302343
-0.86609071274298	6.7432	0.003747565122906
-0.785097192224622	6.733	0.004046684913362
-0.785097192224622	6.7332	0.004225685887476
-0.785097192224622	6.7334	0.00411634264341
-0.785097192224622	6.7336	0.00397103403635
-0.785097192224622	6.7338	0.00409487390463
-0.785097192224622	6.734	0.00406600735646
-0.785097192224622	6.7342	0.004140105309954
-0.785097192224622	6.7344	0.004143135072497
-0.785097192224622	6.7346	0.003867019479058
-0.785097192224622	6.7348	0.003966338341377
-0.785097192224622	6.735	0.003791082174818
-0.785097192224622	6.7352	0.003981683877496
-0.785097192224622	6.7354	0.003904028100752
-0.785097192224622	6.7356	0.003832888884666
-0.785097192224622	6.7358	0.003701857500704
-0.785097192224622	6.736	0.003762124262192
-0.785097192224622	6.7362	0.003736917073534
-0.785097192224622	6.7364	0.00372469551696
-0.785097192224622	6.7366	0.003536853687607
-0.785097192224622	6.7368	0.00355066497715
-0.785097192224622	6.737	0.003492693196864
-0.785097192224622	6.7372	0.003336431047203
-0.785097192224622	6.7374	0.003374736895038
-0.785097192224622	6.7376	0.003378705497898
-0.785097192224622	6.7378	0.00332373039467
-0.785097192224622	6.738	0.003296845467389
-0.785097192224622	6.7382	0.003385040876756
-0.785097192224622	6.7384	0.003335888346778
-0.785097192224622	6.7386	0.003497438934541
-0.785097192224622	6.7388	0.003405931658426
-0.785097192224622	6.739	0.003517014277171
-0.785097192224622	6.7392	0.003389636484146
-0.785097192224622	6.7394	0.003359210322942
-0.785097192224622	6.7396	0.003470058804665
-0.785097192224622	6.7398	0.003332595291134
-0.785097192224622	6.74	0.00338252447507
-0.785097192224622	6.7402	0.003267203149761
-0.785097192224622	6.7404	0.003379313397257
-0.785097192224622	6.7406	0.003542516590655
-0.785097192224622	6.7408	0.003537298750039
-0.785097192224622	6.741	0.003702285144468
-0.785097192224622	6.7412	0.003625244276487
-0.785097192224622	6.7414	0.003719287292921
-0.785097192224622	6.7416	0.003692158932326
-0.785097192224622	6.7418	0.003704494036395
-0.785097192224622	6.742	0.003670947567154
-0.785097192224622	6.7422	0.003786570790338
-0.785097192224622	6.7424	0.003752626550204
-0.785097192224622	6.7426	0.003756831912429
-0.785097192224622	6.7428	0.003589430730119
-0.785097192224622	6.743	0.003884324228004
-0.785097192224622	6.7432	0.003643825723967
-0.704103671706263	6.733	0.004273547640362
-0.704103671706263	6.7332	0.004030002465989
-0.704103671706263	6.7334	0.004092274144789
-0.704103671706263	6.7336	0.003922116705217
-0.704103671706263	6.7338	0.004248194907722
-0.704103671706263	6.734	0.004063471273755
-0.704103671706263	6.7342	0.004032295688223
-0.704103671706263	6.7344	0.004102848929659
-0.704103671706263	6.7346	0.00406074780289
-0.704103671706263	6.7348	0.00410436168698
-0.704103671706263	6.735	0.003980925441017
-0.704103671706263	6.7352	0.004128543404559
-0.704103671706263	6.7354	0.004050516343114
-0.704103671706263	6.7356	0.003773085313862
-0.704103671706263	6.7358	0.003826981471945
-0.704103671706263	6.736	0.003694142433586
-0.704103671706263	6.7362	0.003684380825361
-0.704103671706263	6.7364	0.003682326181707
-0.704103671706263	6.7366	0.003759493458673
-0.704103671706263	6.7368	0.003655302063126
-0.704103671706263	6.737	0.003414252939724
-0.704103671706263	6.7372	0.003531582527343
-0.704103671706263	6.7374	0.003465364297611
-0.704103671706263	6.7376	0.003134913926984
-0.704103671706263	6.7378	0.0032673839207
-0.704103671706263	6.738	0.003251704106464
-0.704103671706263	6.7382	0.003266665926727
-0.704103671706263	6.7384	0.003285146852935
-0.704103671706263	6.7386	0.003284538858714
-0.704103671706263	6.7388	0.003335768664146
-0.704103671706263	6.739	0.003387081813555
-0.704103671706263	6.7392	0.00332143664825
-0.704103671706263	6.7394	0.00325720304836
-0.704103671706263	6.7396	0.00326182089614
-0.704103671706263	6.7398	0.003278251283141
-0.704103671706263	6.74	0.003457404719791
-0.704103671706263	6.7402	0.003588819626203
-0.704103671706263	6.7404	0.003594322657247
-0.704103671706263	6.7406	0.003660133708316
-0.704103671706263	6.7408	0.003733653979633
-0.704103671706263	6.741	0.003717546242459
-0.704103671706263	6.7412	0.003754988058887
-0.704103671706263	6.7414	0.003835672353667
-0.704103671706263	6.7416	0.003621721511255
-0.704103671706263	6.7418	0.003818471415498
-0.704103671706263	6.742	0.003799290216065
-0.704103671706263	6.7422	0.00392444761366
-0.704103671706263	6.7424	0.003780534876257
-0.704103671706263	6.7426	0.003726421779416
-0.704103671706263	6.7428	0.003801490817204
-0.704103671706263	6.743	0.003858639581316
-0.704103671706263	6.7432	0.003817635106996
-0.623110151187905	6.733	0.004018848664188
-0.623110151187905	6.7332	0.004086101548075
-0.623110151187905	6.7334	0.004159015922675
-0.623110151187905	6.7336	0.004042047104873
-0.623110151187905	6.7338	0.004152930093768
-0.623110151187905	6.734	0.0038738893589
-0.623110151187905	6.7342	0.003959191856655
-0.623110151187905	6.7344	0.004003676220066
-0.623110151187905	6.7346	0.004067207911072
-0.623110151187905	6.7348	0.003977604899887
-0.623110151187905	6.735	0.004049868663873
-0.623110151187905	6.7352	0.003997059415776
-0.623110151187905	6.7354	0.004013366186589
-0.623110151187905	6.7356	0.003839106816928
-0.623110151187905	6.7358	0.003974660269851
-0.623110151187905	6.736	0.003889705774212
-0.623110151187905	6.7362	0.003748665054544
-0.623110151187905	6.7364	0.003827344996313
-0.623110151187905	6.7366	0.003743687974705
-0.623110151187905	6.7368	0.003558228620165
-0.623110151187905	6.737	0.003564339400948
-0.623110151187905	6.7372	0.003550019220092
-0.623110151187905	6.7374	0.003497484363687
-0.623110151187905	6.7376	0.003271871561958
-0.623110151187905	6.7378	0.00322581084284
-0.623110151187905	6.738	0.003011457569406
-0.623110151187905	6.7382	0.002915241623533
-0.623110151187905	6.7384	0.002727961361484
-0.623110151187905	6.7386	0.002998202945932
-0.623110151187905	6.7388	0.002872699368313
-0.623110151187905	6.739	0.002885747612793
-0.623110151187905	6.7392	0.003149171454211
-0.623110151187905	6.7394	0.003240393605153
-0.623110151187905	6.7396	0.003404566572691
-0.623110151187905	6.7398	0.003513502299433
-0.623110151187905	6.74	0.003604646137124
-0.623110151187905	6.7402	0.003710662008823
-0.623110151187905	6.7404	0.003568694108747
-0.623110151187905	6.7406	0.003717844769926
-0.623110151187905	6.7408	0.003706829584241
-0.623110151187905	6.741	0.003861689125931
-0.623110151187905	6.7412	0.00371637874182
-0.623110151187905	6.7414	0.003743876427134
-0.623110151187905	6.7416	0.003818346439704
-0.623110151187905	6.7418	0.00387612614576
-0.623110151187905	6.742	0.003783603153877
-0.623110151187905	6.7422	0.003832025775857
-0.623110151187905	6.7424	0.003914499386611
-0.623110151187905	6.7426	0.003846833137092
-0.623110151187905	6.7428	0.0037448857528
-0.623110151187905	6.743	0.003865437883665
-0.623110151187905	6.7432	0.003783182046802
-0.542116630669546	6.733	0.004104626830843
-0.542116630669546	6.7332	0.004342542934236
-0.542116630669546	6.7334	0.003996081596451
-0.542116630669546	6.7336	0.004103626434486
-0.542116630669546	6.7338	0.004108121280092
-0.542116630669546	6.734	0.003990808142385
-0.542116630669546	6.7342	0.004039946941959
-0.542116630669546	6.7344	0.004036830954506
-0.542116630669546	6.7346	0.003862097579761
-0.542116630669546	6.7348	0.003826688446264
-0.542116630669546	6.735	0.003895255529516
-0.542116630669546	6.7352	0.003965712711024
-0.542116630669546	6.7354	0.004072966569966
-0.542116630669546	6.7356	0.003839670038038
-0.542116630669546	6.7358	0.003964167693818
-0.542116630669546	6.736	0.003984149686118
-0.542116630669546	6.7362	0.003795247381592
-0.542116630669546	6.7364	0.003696860749534
-0.542116630669546	6.7366	0.003715842910158
-0.542116630669546	6.7368	0.003521925328818
-0.542116630669546	6.737	0.003654407049126
-0.542116630669546	6.7372	0.003460314475603
-0.542116630669546	6.7374	0.003289169581707
-0.542116630669546	6.7376	0.00319386631281
-0.542116630669546	6.7378	0.003104006665067
-0.542116630669546	6.738	0.002832106436786
-0.542116630669546	6.7382	0.002847340565196
-0.542116630669546	6.7384	0.002690821385728
-0.542116630669546	6.7386	0.0026764536866
-0.542116630669546	6.7388	0.002785212568476
-0.542116630669546	6.739	0.003194289724282
-0.542116630669546	6.7392	0.003217232598694
-0.542116630669546	6.7394	0.003446739279148
-0.542116630669546	6.7396	0.003578394152881
-0.542116630669546	6.7398	0.003698175728674
-0.542116630669546	6.74	0.003751558206115
-0.542116630669546	6.7402	0.003655980381816
-0.542116630669546	6.7404	0.003849300542014
-0.542116630669546	6.7406	0.003881786097139
-0.542116630669546	6.7408	0.004030890941851
-0.542116630669546	6.741	0.003780143205964
-0.542116630669546	6.7412	0.00390087755219
-0.542116630669546	6.7414	0.003723061325008
-0.542116630669546	6.7416	0.003865944666405
-0.542116630669546	6.7418	0.003722173217672
-0.542116630669546	6.742	0.00372961184997
-0.542116630669546	6.7422	0.003831030757532
-0.542116630669546	6.7424	0.003863411281954
-0.542116630669546	6.7426	0.003846979327536
-0.542116630669546	6.7428	0.003780380913202
-0.542116630669546	6.743	0.003754838404203
-0.542116630669546	6.7432	0.003887378711089
-0.461123110151188	6.733	0.004089192331613
-0.461123110151188	6.7332	0.004124615356836
-0.461123110151188	6.7334	0.003975087805095
-0.461123110151188	6.7336	0.004119002901291
-0.461123110151188	6.7338	0.003978699436439
-0.461123110151188	6.734	0.004202264592304
-0.461123110151188	6.7342	0.003897012958447
-0.461123110151188	6.7344	0.004063586747926
-0.461123110151188	6.7346	0.004061449887623
-0.461123110151188	6.7348	0.003998284735964
-0.461123110151188	6.735	0.00389785645221
-0.461123110151188	6.7352	0.004110321621003
-0.461123110151188	6.7354	0.003994946080087
-0.461123110151188	6.7356	0.003990573391119
-0.461123110151188	6.7358	0.003810978175818
-0.461123110151188	6.736	0.003764707697366
-0.461123110151188	6.7362	0.003764162252689
-0.461123110151188	6.7364	0.003920638045966
-0.461123110151188	6.7366	0.003626504005846
-0.461123110151188	6.7368	0.003637001481923
-0.461123110151188	6.737	0.00346310870265
-0.461123110151188	6.7372	0.00343044181164
-0.461123110151188	6.7374	0.003241175508087
-0.461123110151188	6.7376	0.003141289451299
-0.461123110151188	6.7378	0.002869615570023
-0.461123110151188	6.738	0.002650282318239
-0.461123110151188	6.7382	0.002501454155851
-0.461123110151188	6.7384	0.002609271564697
-0.461123110151188	6.7386	0.002755617033689
-0.461123110151188	6.7388	0.002853930139183
-0.461123110151188	6.739	0.003040557701412
-0.461123110151188	6.7392	0.003405569603959
-0.461123110151188	6.7394	0.003507865318286
-0.461123110151188	6.7396	0.003590273637378
-0.461123110151188	6.7398	0.003689541777716
-0.461123110151188	6.74	0.003919868097677
-0.461123110151188	6.7402	0.003741007558426
-0.461123110151188	6.7404	0.003800111444125
-0.461123110151188	6.7406	0.003824728079491
-0.461123110151188	6.7408	0.003824870713774
-0.461123110151188	6.741	0.003836191614518
-0.461123110151188	6.7412	0.003859979247595
-0.461123110151188	6.7414	0.003917932274555
-0.461123110151188	6.7416	0.003899559686881
-0.461123110151188	6.7418	0.003998605958481
-0.461123110151188	6.742	0.003960208246124
-0.461123110151188	6.7422	0.003790275732922
-0.461123110151188	6.7424	0.003788106659026
-0.461123110151188	6.7426	0.003910278154645
-0.461123110151188	6.7428	0.00377537336151
-0.461123110151188	6.743	0.003852347807928
-0.461123110151188	6.7432	0.003872088400458
-0.380129589632829	6.733	0.00402505251097
-0.380129589632829	6.7332	0.004113152286996
-0.380129589632829	6.7334	0.004157445744915
-0.380129589632829	6.7336	0.004001568632194
-0.380129589632829	6.7338	0.004064016039147
-0.380129589632829	6.734	0.004061826941254
-0.380129589632829	6.7342	0.003922997691283
-0.380129589632829	6.7344	0.003939361832784
-0.380129589632829	6.7346	0.004008507350449
-0.380129589632829	6.7348	0.003816608301691
-0.380129589632829	6.735	0.003804184352095
-0.380129589632829	6.7352	0.003870127251829
-0.380129589632829	6.7354	0.003786389454973
-0.380129589632829	6.7356	0.003953794910905
-0.380129589632829	6.7358	0.003700247272869
-0.380129589632829	6.736	0.003749419152553
-0.380129589632829	6.7362	0.003762136746762
-0.380129589632829	6.7364	0.003683573728437
-0.380129589632829	6.7366	0.003761517063347
-0.380129589632829	6.7368	0.003539161830657
-0.380129589632829	6.737	0.003513114085001
-0.380129589632829	6.7372	0.003296571824099
-0.380129589632829	6.7374	0.003196153343622
-0.380129589632829	6.7376	0.002968261310038
-0.380129589632829	6.7378	0.003022627296324
-0.380129589632829	6.738	0.002840313181761
-0.380129589632829	6.7382	0.002828015821557
-0.380129589632829	6.7384	0.002911752804034
-0.380129589632829	6.7386	0.002986948730662
-0.380129589632829	6.7388	0.003085198251194
-0.380129589632829	6.739	0.003248428144547
-0.380129589632829	6.7392	0.003376102789869
-0.380129589632829	6.7394	0.003521908889961
-0.380129589632829	6.7396	0.003493076179956
-0.380129589632829	6.7398	0.00361563083861
-0.380129589632829	6.74	0.00374966545364
-0.380129589632829	6.7402	0.003766905389037
-0.380129589632829	6.7404	0.003716956282139
-0.380129589632829	6.7406	0.003906090556278
-0.380129589632829	6.7408	0.003709546840752
-0.380129589632829	6.741	0.003726810550693
-0.380129589632829	6.7412	0.003879312320959
-0.380129589632829	6.7414	0.003856330815119
-0.380129589632829	6.7416	0.00376878256208
-0.380129589632829	6.7418	0.003897283444899
-0.380129589632829	6.742	0.003902509171975
-0.380129589632829	6.7422	0.003808668329504
-0.380129589632829	6.7424	0.003884236444349
-0.380129589632829	6.7426	0.003774685461141
-0.380129589632829	6.7428	0.003890528188447
-0.380129589632829	6.743	0.003791553415138
-0.380129589632829	6.7432	0.003887933600468
-0.299136069114471	6.733	0.004160645563174
-0.299136069114471	6.7332	0.003951672608766
-0.299136069114471	6.7334	0.004131875108406
-0.299136069114471	6.7336	0.004102815377568
-0.299136069114471	6.7338	0.00403092017158
-0.299136069114471	6.734	0.004129166865783
-0.299136069114471	6.7342	0.004073802512962
-0.299136069114471	6.7344	0.004135783229137
-0.299136069114471	6.7346	0.00408457878337
-0.299136069114471	6.7348	0.004124406072683
-0.299136069114471	6.735	0.003852370138989
-0.299136069114471	6.7352	0.003941298193017
-0.299136069114471	6.7354	0.003865273287336
-0.299136069114471	6.7356	0.00377150208023
-0.299136069114471	6.7358	0.003792698501773
-0.299136069114471	6.736	0.003636819056531
-0.299136069114471	6.7362	0.0036136244506
-0.299136069114471	6.7364	0.003669730463309
-0.299136069114471	6.7366	0.003551286229321
-0.299136069114471	6.7368	0.003495924278161
-0.299136069114471	6.737	0.003296418102821
-0.299136069114471	6.7372	0.003106937935819
-0.299136069114471	6.7374	0.003178089525146
-0.299136069114471	6.7376	0.002845448552758
-0.299136069114471	6.7378	0.002984006487364
-0.299136069114471	6.738	0.003061236924098
-0.299136069114471	6.7382	0.003214947841079
-0.299136069114471	6.7384	0.003332686982932
-0.299136069114471	6.7386	0.003563050766267
-0.299136069114471	6.7388	0.003372880695013
-0.299136069114471	6.739	0.003477732002148
-0.299136069114471	6.7392	0.003602981643512
-0.299136069114471	6.7394	0.003454365589514
-0.299136069114471	6.7396	0.003573674687967
-0.299136069114471	6.7398	0.003592482413751
-0.299136069114471	6.74	0.00354860155756
-0.299136069114471	6.7402	0.003715021470397
-0.299136069114471	6.7404	0.003848427964219
-0.299136069114471	6.7406	0.003789191465001
-0.299136069114471	6.7408	0.003678616494207
-0.299136069114471	6.741	0.003775504412252
-0.299136069114471	6.7412	0.003734656682769
-0.299136069114471	6.7414	0.003898319884717
-0.299136069114471	6.7416	0.003805427824863
-0.299136069114471	6.7418	0.003849503663071
-0.299136069114471	6.742	0.003958032991126
-0.299136069114471	6.7422	0.003745860269719
-0.299136069114471	6.7424	0.003824786078337
-0.299136069114471	6.7426	0.003802459016213
-0.299136069114471	6.7428	0.003857768394934
-0.299136069114471	6.743	0.003842085774175
-0.299136069114471	6.7432	0.003683117764792
-0.218142548596112	6.733	0.003980195628764
-0.218142548596112	6.7332	0.003936169291796
-0.218142548596112	6.7334	0.004142167078388
-0.218142548596112	6.7336	0.003997604553899
-0.218142548596112	6.7338	0.004077162942361
-0.218142548596112	6.734	0.003886599168973
-0.218142548596112	6.7342	0.004041792229053
-0.218142548596112	6.7344	0.00398307250792
-0.218142548596112	6.7346	0.003995611421134
-0.218142548596112	6.7348	0.004050940528129
-0.218142548596112	6.735	0.00399527871108
-0.218142548596112	6.7352	0.003771307561415
-0.218142548596112	6.7354	0.003887487769807
-0.218142548596112	6.7356	0.003721353757919
-0.218142548596112	6.7358	0.003750172710178
-0.218142548596112	6.736	0.003669712874116
-0.218142548596112	6.7362	0.003562244131016
-0.218142548596112	6.7364	0.003639786389839
-0.218142548596112	6.7366	0.003374914734768
-0.218142548596112	6.7368	0.003406386139637
-0.218142548596112	6.737	0.00318674000338
-0.218142548596112	6.7372	0.003133253426011
-0.218142548596112	6.7374	0.00303752586274
-0.218142548596112	6.7376	0.003122683782165
-0.218142548596112	6.7378	0.003173593348938
-0.218142548596112	6.738	0.003202880068723
-0.218142548596112	6.7382	0.003216490171892
-0.218142548596112	6.7384	0.003433506963339
-0.218142548596112	6.7386	0.003570633341802
-0.218142548596112	6.7388	0.003563805713405
-0.218142548596112	6.739	0.00364908399539
-0.218142548596112	6.7392	0.003620988058261
-0.218142548596112	6.7394	0.003538120580363
-0.218142548596112	6.7396	0.003507555218152
-0.218142548596112	6.7398	0.003546050267459
-0.218142548596112	6.74	0.00364638589323
-0.218142548596112	6.7402	0.003588552054623
-0.218142548596112	6.7404	0.003646504082015
-0.218142548596112	6.7406	0.003582114054457
-0.218142548596112	6.7408	0.003618755153679
-0.218142548596112	6.741	0.003699834123849
-0.218142548596112	6.7412	0.003666324220867
-0.218142548596112	6.7414	0.003771172275772
-0.218142548596112	6.7416	0.00401088943934
-0.218142548596112	6.7418	0.003842305039535
-0.218142548596112	6.742	0.003848860931757
-0.218142548596112	6.7422	0.003793601116506
-0.218142548596112	6.7424	0.003815829627642
-0.218142548596112	6.7426	0.003716636840948
-0.218142548596112	6.7428	0.003823046629206
-0.218142548596112	6.743	0.003760983129579
-0.218142548596112	6.7432	0.003829619537682
-0.137149028077754	6.733	0.004199699072896
-0.137149028077754	6.7332	0.004197639425425
-0.137149028077754	6.7334	0.004051575701345
-0.137149028077754	6.7336	0.004053334965666
-0.137149028077754	6.7338	0.004128093987062
-0.137149028077754	6.734	0.003976149617194
-0.137149028077754	6.7342	0.003823253149718
-0.137149028077754	6.7344	0.003969916647132
-0.137149028077754	6.7346	0.003850100466812
-0.137149028077754	6.7348	0.003943196406535
-0.137149028077754	6.735	0.003896901067828
-0.137149028077754	6.7352	0.003817155294464
-0.137149028077754	6.7354	0.003929565507069
-0.137149028077754	6.7356	0.003639926859379
-0.137149028077754	6.7358	0.003736620957038
-0.137149028077754	6.736	0.003639423853055
-0.137149028077754	6.7362	0.003551668021231
-0.137149028077754	6.7364	0.003604535717443
-0.137149028077754	6.7366	0.003337674166033
-0.137149028077754	6.7368	0.003264328735732
-0.137149028077754	6.737	0.00329571218382
-0.137149028077754	6.7372	0.00296919101148
-0.137149028077754	6.7374	0.003220575589897
-0.137149028077754	6.7376	0.003159733799419
-0.137149028077754	6.7378	0.003187177936425
-0.137149028077754	6.738	0.003389961116885
-0.137149028077754	6.7382	0.00350122639081
-0.137149028077754	6.7384	0.003574144709249
-0.137149028077754	6.7386	0.003448530356975
-0.137149028077754	6.7388	0.003635956915693
-0.137149028077754	6.739	0.003748134146149
-0.137149028077754	6.7392	0.003627163763662
-0.137149028077754	6.7394	0.003528074826985
-0.137149028077754	6.7396	0.00360621954724
-0.137149028077754	6.7398	0.003636022868213
-0.137149028077754	6.74	0.003494110972532
-0.137149028077754	6.7402	0.003528810348992
-0.137149028077754	6.7404	0.003484677589672
-0.137149028077754	6.7406	0.003742315189222
-0.137149028077754	6.7408	0.003709683041182
-0.137149028077754	6.741	0.003639971990458
-0.137149028077754	6.7412	0.003670621573485
-0.137149028077754	6.7414	0.00380819376673
-0.137149028077754	6.7416	0.003797283136694
-0.137149028077754	6.7418	0.003745712885793
-0.137149028077754	6.742	0.003772780905476
-0.137149028077754	6.7422	0.003869032951815
-0.137149028077754	6.7424	0.003856746088031
-0.137149028077754	6.7426	0.003762308836345
-0.137149028077754	6.7428	0.003795402864992
-0.137149028077754	6.743	0.00381721846215
-0.137149028077754	6.7432	0.003785259109019
-0.0561555075593951	6.733	0.004114233192283
-0.0561555075593951	6.7332	0.004182792465027
-0.0561555075593951	6.7334	0.004029044460515
-0.0561555075593951	6.7336	0.004065150131864
-0.0561555075593951	6.7338	0.004036065368367
-0.0561555075593951	6.734	0.00396920340784
-0.0561555075593951	6.7342	0.003942513331757
-0.0561555075593951	6.7344	0.004122082983516
-0.0561555075593951	6.7346	0.003961287523741
-0.0561555075593951	6.7348	0.003839954756697
-0.0561555075593951	6.735	0.003964235064704
-0.0561555075593951	6.7352	0.003963117373881
-0.0561555075593951	6.7354	0.003805162144556
-0.0561555075593951	6.7356	0.003714923659618
-0.0561555075593951	6.7358	0.003714713991812
-0.0561555075593951	6.736	0.003649058445873
-0.0561555075593951	6.7362	0.003453119275312
-0.0561555075593951	6.7364	0.003519049607358
-0.0561555075593951	6.7366	0.003234605711038
-0.0561555075593951	6.7368	0.003326874562385
-0.0561555075593951	6.737	0.003218619057037
-0.0561555075593951	6.7372	0.003105788861695
-0.0561555075593951	6.7374	0.003334397959563
-0.0561555075593951	6.7376	0.003166747567436
-0.0561555075593951	6.7378	0.003366373703349
-0.0561555075593951	6.738	0.003375248298853
-0.0561555075593951	6.7382	0.003244377039049
-0.0561555075593951	6.7384	0.003491667296389
-0.0561555075593951	6.7386	0.003660995108054
-0.0561555075593951	6.7388	0.003552143842612
-0.0561555075593951	6.739	0.003678187651038
-0.0561555075593951	6.7392	0.003584647587585
-0.0561555075593951	6.7394	0.003612501517182
-0.0561555075593951	6.7396	0.003737596077444
-0.0561555075593951	6.7398	0.003702113840318
-0.0561555075593951	6.74	0.00354050167718
-0.0561555075593951	6.7402	0.003657517815107
-0.0561555075593951	6.7404	0.003724551219781
-0.0561555075593951	6.7406	0.003712221891391
-0.0561555075593951	6.7408	0.003535153197653
-0.0561555075593951	6.741	0.003726180928456
-0.0561555075593951	6.7412	0.003677694579023
-0.0561555075593951	6.7414	0.00385670496962
-0.0561555075593951	6.7416	0.003737677782723
-0.0561555075593951	6.7418	0.00380434384769
-0.0561555075593951	6.742	0.003926514170007
-0.0561555075593951	6.7422	0.003655573964417
-0.0561555075593951	6.7424	0.003818530657839
-0.0561555075593951	6.7426	0.003789372058303
-0.0561555075593951	6.7428	0.003763861943593
-0.0561555075593951	6.743	0.003736884892363
-0.0561555075593951	6.7432	0.003954568788918
0.0248380129589636	6.733	0.004159882584995
0.0248380129589636	6.7332	0.004055117134063
0.0248380129589636	6.7334	0.004097084341861
0.0248380129589636	6.7336	0.003999284357225
0.0248380129589636	6.7338	0.00385801147771
0.0248380129589636	6.734	0.004212258013618
0.0248380129589636	6.7342	0.004025066624518
0.0248380129589636	6.7344	0.003853847892441
0.0248380129589636	6.7346	0.00390516528923
0.0248380129589636	6.7348	0.003832035367962
0.0248380129589636	6.735	0.003921040465211
0.0248380129589636	6.7352	0.00377485003287
0.0248380129589636	6.7354	0.003868368809822
0.0248380129589636	6.7356	0.003777689076143
0.0248380129589636	6.7358	0.003766021259739
0.0248380129589636	6.736	0.003679058973345
0.0248380129589636	6.7362	0.003486578916802
0.0248380129589636	6.7364	0.003268277420054
0.0248380129589636	6.7366	0.003347119429745
0.0248380129589636	6.7368	0.003200676102936
0.0248380129589636	6.737	0.003048736250389
0.0248380129589636	6.7372	0.003171198474533
0.0248380129589636	6.7374	0.003166498723749
0.0248380129589636	6.7376	0.003178305988287
0.0248380129589636	6.7378	0.003175204978351
0.0248380129589636	6.738	0.003391556157255
0.0248380129589636	6.7382	0.003408707358002
0.0248380129589636	6.7384	0.003545180829075
0.0248380129589636	6.7386	0.003775030723083
0.0248380129589636	6.7388	0.003554804925671
0.0248380129589636	6.739	0.003800806727254
0.0248380129589636	6.7392	0.003601968080874
0.0248380129589636	6.7394	0.003567472533674
0.0248380129589636	6.7396	0.003787704585243
0.0248380129589636	6.7398	0.003624095706986
0.0248380129589636	6.74	0.003626454470252
0.0248380129589636	6.7402	0.003701809677662
0.0248380129589636	6.7404	0.003691512779404
0.0248380129589636	6.7406	0.003530533426472
0.0248380129589636	6.7408	0.003688045569596
0.0248380129589636	6.741	0.003572306557007
0.0248380129589636	6.7412	0.003659890223642
0.0248380129589636	6.7414	0.003868831326897
0.0248380129589636	6.7416	0.003670830244595
0.0248380129589636	6.7418	0.003635190795825
0.0248380129589636	6.742	0.003750589109423
0.0248380129589636	6.7422	0.003766494418252
0.0248380129589636	6.7424	0.004059831353361
0.0248380129589636	6.7426	0.00381707875005
0.0248380129589636	6.7428	0.003918269678532
0.0248380129589636	6.743	0.003886461718351
0.0248380129589636	6.7432	0.003814471606534
0.105831533477322	6.733	0.004249748066364
0.105831533477322	6.7332	0.004035700223185
0.105831533477322	6.7334	0.004161553663794
0.105831533477322	6.7336	0.004050093143371
0.105831533477322	6.7338	0.003974696609331
0.105831533477322	6.734	0.004141854792755
0.105831533477322	6.7342	0.004032218065082
0.105831533477322	6.7344	0.004003305177284
0.105831533477322	6.7346	0.004079546179691
0.105831533477322	6.7348	0.003961672350419
0.105831533477322	6.735	0.00401343010652
0.105831533477322	6.7352	0.003813629727216
0.105831533477322	6.7354	0.003864414631098
0.105831533477322	6.7356	0.003808297721438
0.105831533477322	6.7358	0.003565676827933
0.105831533477322	6.736	0.003486626694458
0.105831533477322	6.7362	0.003737438910487
0.105831533477322	6.7364	0.003590910017702
0.105831533477322	6.7366	0.003352519241854
0.105831533477322	6.7368	0.003350690907528
0.105831533477322	6.737	0.003097885989392
0.105831533477322	6.7372	0.00312696103664
0.105831533477322	6.7374	0.003191472353834
0.105831533477322	6.7376	0.003263102599892
0.105831533477322	6.7378	0.003258078571221
0.105831533477322	6.738	0.003222788322701
0.105831533477322	6.7382	0.003468741627904
0.105831533477322	6.7384	0.003705198297605
0.105831533477322	6.7386	0.003552897266537
0.105831533477322	6.7388	0.003764260463615
0.105831533477322	6.739	0.003684008013975
0.105831533477322	6.7392	0.003666332591011
0.105831533477322	6.7394	0.003593142077947
0.105831533477322	6.7396	0.003571298604955
0.105831533477322	6.7398	0.003584192731623
0.105831533477322	6.74	0.003617721540957
0.105831533477322	6.7402	0.003649129122606
0.105831533477322	6.7404	0.00378747927254
0.105831533477322	6.7406	0.003708891917776
0.105831533477322	6.7408	0.003631247434659
0.105831533477322	6.741	0.003792651953054
0.105831533477322	6.7412	0.003696683708823
0.105831533477322	6.7414	0.003718296574404
0.105831533477322	6.7416	0.003639318435524
0.105831533477322	6.7418	0.003761190803626
0.105831533477322	6.742	0.003767431100352
0.105831533477322	6.7422	0.003725955750123
0.105831533477322	6.7424	0.003820382071221
0.105831533477322	6.7426	0.00372465815549
0.105831533477322	6.7428	0.003835441670074
0.105831533477322	6.743	0.003782081202768
0.105831533477322	6.7432	0.003876867886125
0.186825053995681	6.733	0.004118311085219
0.186825053995681	6.7332	0.004044568181366
0.186825053995681	6.7334	0.004123083103307
0.186825053995681	6.7336	0.00414165272331
0.186825053995681	6.7338	0.004176516989494
0.186825053995681	6.734	0.004129648075122
0.186825053995681	6.7342	0.003992058885614
0.186825053995681	6.7344	0.004087040500982
0.186825053995681	6.7346	0.004046689147154
0.186825053995681	6.7348	0.003934370293176
0.186825053995681	6.735	0.00388863641815
0.186825053995681	6.7352	0.003825208940064
0.186825053995681	6.7354	0.003857877281018
0.186825053995681	6.7356	0.003779717305943
0.186825053995681	6.7358	0.003806029146644
0.186825053995681	6.736	0.003766572457156
0.186825053995681	6.7362	0.003712050537074
0.186825053995681	6.7364	0.003406365235218
0.186825053995681	6.7366	0.003531080301855
0.186825053995681	6.7368	0.003308010956675
0.186825053995681	6.737	0.003229128883766
0.186825053995681	6.7372	0.003252727045662
0.186825053995681	6.7374	0.003110878383772
0.186825053995681	6.7376	0.002996991833248
0.186825053995681	6.7378	0.003116169772405
0.186825053995681	6.738	0.003273017881404
0.186825053995681	6.7382	0.003410489254041
0.186825053995681	6.7384	0.003606174071432
0.186825053995681	6.7386	0.003599306386062
0.186825053995681	6.7388	0.003632226637158
0.186825053995681	6.739	0.003519169160859
0.186825053995681	6.7392	0.003602345129984
0.186825053995681	6.7394	0.003640301856314
0.186825053995681	6.7396	0.003502393392223
0.186825053995681	6.7398	0.003569798846697
0.186825053995681	6.74	0.003621937185107
0.186825053995681	6.7402	0.003651498391011
0.186825053995681	6.7404	0.003575256071647
0.186825053995681	6.7406	0.003791191082325
0.186825053995681	6.7408	0.003570780713645
0.186825053995681	6.741	0.003733312655787
0.186825053995681	6.7412	0.003628750231868
0.186825053995681	6.7414	0.003717437446732
0.186825053995681	6.7416	0.003653643411048
0.186825053995681	6.7418	0.003714288438736
0.186825053995681	6.742	0.003698246571832
0.186825053995681	6.7422	0.003928584527214
0.186825053995681	6.7424	0.003740361877163
0.186825053995681	6.7426	0.003762550686824
0.186825053995681	6.7428	0.003880251449889
0.186825053995681	6.743	0.00380348413916
0.186825053995681	6.7432	0.003908785526524
0.267818574514039	6.733	0.004006974299735
0.267818574514039	6.7332	0.004133111616192
0.267818574514039	6.7334	0.003998315064407
0.267818574514039	6.7336	0.004010544033537
0.267818574514039	6.7338	0.004023425200263
0.267818574514039	6.734	0.004049405367404
0.267818574514039	6.7342	0.00398130833155
0.267818574514039	6.7344	0.003969188396587
0.267818574514039	6.7346	0.003967757345193
0.267818574514039	6.7348	0.00391499652311
0.267818574514039	6.735	0.004007030148023
0.267818574514039	6.7352	0.003943164625847
0.267818574514039	6.7354	0.003931960057229
0.267818574514039	6.7356	0.003916024944578
0.267818574514039	6.7358	0.003781214957521
0.267818574514039	6.736	0.003579067994165
0.267818574514039	6.7362	0.003605721429616
0.267818574514039	6.7364	0.00344702854866
0.267818574514039	6.7366	0.003493842639417
0.267818574514039	6.7368	0.003348433506873
0.267818574514039	6.737	0.003082671280395
0.267818574514039	6.7372	0.003006335333107
0.267818574514039	6.7374	0.002932295148961
0.267818574514039	6.7376	0.003020508664322
0.267818574514039	6.7378	0.003088204621645
0.267818574514039	6.738	0.003185587925384
0.267818574514039	6.7382	0.003168223811688
0.267818574514039	6.7384	0.003345523746825
0.267818574514039	6.7386	0.003473547470467
0.267818574514039	6.7388	0.003546175824342
0.267818574514039	6.739	0.00346196320144
0.267818574514039	6.7392	0.003590245173031
0.267818574514039	6.7394	0.003604412649594
0.267818574514039	6.7396	0.003597349283233
0.267818574514039	6.7398	0.003760890974193
0.267818574514039	6.74	0.003600730928997
0.267818574514039	6.7402	0.00372804503693
0.267818574514039	6.7404	0.003632982605152
0.267818574514039	6.7406	0.003765435588271
0.267818574514039	6.7408	0.003525054350983
0.267818574514039	6.741	0.003791727075706
0.267818574514039	6.7412	0.003706933807313
0.267818574514039	6.7414	0.003733231199801
0.267818574514039	6.7416	0.003839090600246
0.267818574514039	6.7418	0.003688206832832
0.267818574514039	6.742	0.00371649898612
0.267818574514039	6.7422	0.00387322677696
0.267818574514039	6.7424	0.00390532470213
0.267818574514039	6.7426	0.00380591981306
0.267818574514039	6.7428	0.003838808038799
0.267818574514039	6.743	0.003898607113721
0.267818574514039	6.7432	0.003843134802321
0.348812095032398	6.733	0.004120211137968
0.348812095032398	6.7332	0.004261282111089
0.348812095032398	6.7334	0.004004880892387
0.348812095032398	6.7336	0.004224924909452
0.348812095032398	6.7338	0.003949951094343
0.348812095032398	6.734	0.00410391890659
0.348812095032398	6.7342	0.004086302188657
0.348812095032398	6.7344	0.004047108829137
0.348812095032398	6.7346	0.004037223151196
0.348812095032398	6.7348	0.003989903321989
0.348812095032398	6.735	0.003956527463653
0.348812095032398	6.7352	0.003939733260365
0.348812095032398	6.7354	0.003925494056039
0.348812095032398	6.7356	0.003781245767394
0.348812095032398	6.7358	0.003906039781229
0.348812095032398	6.736	0.003841406706729
0.348812095032398	6.7362	0.003761415408119
0.348812095032398	6.7364	0.00365152009777
0.348812095032398	6.7366	0.003590693522956
0.348812095032398	6.7368	0.003515446549918
0.348812095032398	6.737	0.003314417893088
0.348812095032398	6.7372	0.00312789668642
0.348812095032398	6.7374	0.003193705858844
0.348812095032398	6.7376	0.002993327977102
0.348812095032398	6.7378	0.002957123533473
0.348812095032398	6.738	0.003060618897569
0.348812095032398	6.7382	0.003167638292405
0.348812095032398	6.7384	0.003276377970876
0.348812095032398	6.7386	0.003255300746858
0.348812095032398	6.7388	0.003360712839937
0.348812095032398	6.739	0.003371806495624
0.348812095032398	6.7392	0.003485745955175
0.348812095032398	6.7394	0.003364947561162
0.348812095032398	6.7396	0.003654646350629
0.348812095032398	6.7398	0.003666678818084
0.348812095032398	6.74	0.003626248479593
0.348812095032398	6.7402	0.003738959235425
0.348812095032398	6.7404	0.003862459808243
0.348812095032398	6.7406	0.003746241910226
0.348812095032398	6.7408	0.00379369703936
0.348812095032398	6.741	0.003805533453478
0.348812095032398	6.7412	0.003809208782985
0.348812095032398	6.7414	0.003751385548403
0.348812095032398	6.7416	0.003938623723227
0.348812095032398	6.7418	0.003781371659279
0.348812095032398	6.742	0.00399339895942
0.348812095032398	6.7422	0.003797962236985
0.348812095032398	6.7424	0.003843063716584
0.348812095032398	6.7426	0.003790861863903
0.348812095032398	6.7428	0.003743430587383
0.348812095032398	6.743	0.00386303731369
0.348812095032398	6.7432	0.003958129209901
0.429805615550756	6.733	0.004035388949917
0.429805615550756	6.7332	0.004143579089654
0.429805615550756	6.7334	0.004141174900167
0.429805615550756	6.7336	0.004093164645855
0.429805615550756	6.7338	0.003950095964677
0.429805615550756	6.734	0.003967164456272
0.429805615550756	6.7342	0.004051626025304
0.429805615550756	6.7344	0.004012733678828
0.429805615550756	6.7346	0.003949353575499
0.429805615550756	6.7348	0.004010864365168
0.429805615550756	6.735	0.003862310448335
0.429805615550756	6.7352	0.004013716483737
0.429805615550756	6.7354	0.003872971874151
0.429805615550756	6.7356	0.003985952741676
0.429805615550756	6.7358	0.003814083270268
0.429805615550756	6.736	0.003887542846818
0.429805615550756	6.7362	0.003717789981331
0.429805615550756	6.7364	0.003810059057434
0.429805615550756	6.7366	0.003716315980094
0.429805615550756	6.7368	0.003701596419637
0.429805615550756	6.737	0.003467372760267
0.429805615550756	6.7372	0.003366719250361
0.429805615550756	6.7374	0.003253706493023
0.429805615550756	6.7376	0.003056800006623
0.429805615550756	6.7378	0.002814957084131
0.429805615550756	6.738	0.002961714846797
0.429805615550756	6.7382	0.002730814844619
0.429805615550756	6.7384	0.002861724243677
0.429805615550756	6.7386	0.002900198715082
0.429805615550756	6.7388	0.003110815296165
0.429805615550756	6.739	0.003165959052819
0.429805615550756	6.7392	0.003426374367659
0.429805615550756	6.7394	0.003487719133951
0.429805615550756	6.7396	0.00328598276164
0.429805615550756	6.7398	0.003767963070033
0.429805615550756	6.74	0.003687211706194
0.429805615550756	6.7402	0.003823562175101
0.429805615550756	6.7404	0.003874468437241
0.429805615550756	6.7406	0.003840545004631
0.429805615550756	6.7408	0.003896952549314
0.429805615550756	6.741	0.003813251728239
0.429805615550756	6.7412	0.003790187833873
0.429805615550756	6.7414	0.003990541038036
0.429805615550756	6.7416	0.003830417875068
0.429805615550756	6.7418	0.003778886805422
0.429805615550756	6.742	0.003822585707574
0.429805615550756	6.7422	0.003896217473869
0.429805615550756	6.7424	0.003977032257555
0.429805615550756	6.7426	0.003911687703481
0.429805615550756	6.7428	0.003788457932924
0.429805615550756	6.743	0.00391169589113
0.429805615550756	6.7432	0.003612026134458
0.510799136069115	6.733	0.004028449045497
0.510799136069115	6.7332	0.004177630681151
0.510799136069115	6.7334	0.004128594502848
0.510799136069115	6.7336	0.004107416555777
0.510799136069115	6.7338	0.003979468404509
0.510799136069115	6.734	0.004149113422385
0.510799136069115	6.7342	0.003905829705554
0.510799136069115	6.7344	0.004132329457903
0.510799136069115	6.7346	0.004011049739501
0.510799136069115	6.7348	0.003970988419037
0.510799136069115	6.735	0.003998990309672
0.510799136069115	6.7352	0.003817196774917
0.510799136069115	6.7354	0.004056807893815
0.510799136069115	6.7356	0.003897895002742
0.510799136069115	6.7358	0.003886935683344
0.510799136069115	6.736	0.004009652223123
0.510799136069115	6.7362	0.003875626761895
0.510799136069115	6.7364	0.003805042184036
0.510799136069115	6.7366	0.003645440199794
0.510799136069115	6.7368	0.00354442676986
0.510799136069115	6.737	0.003522751643952
0.510799136069115	6.7372	0.003472203048864
0.510799136069115	6.7374	0.003352777278703
0.510799136069115	6.7376	0.003254312034356
0.510799136069115	6.7378	0.003156971449181
0.510799136069115	6.738	0.002712925980124
0.510799136069115	6.7382	0.002592938340157
0.510799136069115	6.7384	0.002571831806711
0.510799136069115	6.7386	0.002809030184482
0.510799136069115	6.7388	0.00294514765236
0.510799136069115	6.739	0.003153407022653
0.510799136069115	6.7392	0.003506107194257
0.510799136069115	6.7394	0.003507723334879
0.510799136069115	6.7396	0.003549005004805
0.510799136069115	6.7398	0.003521219431355
0.510799136069115	6.74	0.003698557468069
0.510799136069115	6.7402	0.003770920156002
0.510799136069115	6.7404	0.003804358379094
0.510799136069115	6.7406	0.003934244154762
0.510799136069115	6.7408	0.003909737007689
0.510799136069115	6.741	0.003891652001454
0.510799136069115	6.7412	0.003798571721082
0.510799136069115	6.7414	0.003766930281335
0.510799136069115	6.7416	0.003757043453294
0.510799136069115	6.7418	0.003875754541089
0.510799136069115	6.742	0.003819371276979
0.510799136069115	6.7422	0.003781000931549
0.510799136069115	6.7424	0.003891656580001
0.510799136069115	6.7426	0.003817874689484
0.510799136069115	6.7428	0.003884430155297
0.510799136069115	6.743	0.003844479869423
0.510799136069115	6.7432	0.003732065674582
0.591792656587473	6.733	0.004183063491495
0.591792656587473	6.7332	0.004149459177016
0.591792656587473	6.7334	0.004101128654941
0.591792656587473	6.7336	0.004027145587259
0.591792656587473	6.7338	0.004061533511242
0.591792656587473	6.734	0.004093840944987
0.591792656587473	6.7342	0.004175057850086
0.591792656587473	6.7344	0.004167372311329
0.591792656587473	6.7346	0.00407814396656
0.591792656587473	6.7348	0.00413049379463
0.591792656587473	6.735	0.003910348285193
0.591792656587473	6.7352	0.004053585611554
0.591792656587473	6.7354	0.004015471565468
0.591792656587473	6.7356	0.003922407484704
0.591792656587473	6.7358	0.003793982570069
0.591792656587473	6.736	0.003877245690853
0.591792656587473	6.7362	0.003730174232855
0.591792656587473	6.7364	0.003740196968811
0.591792656587473	6.7366	0.003843238697494
0.591792656587473	6.7368	0.003628454323379
0.591792656587473	6.737	0.003571094842111
0.591792656587473	6.7372	0.003574960230797
0.591792656587473	6.7374	0.003349377362715
0.591792656587473	6.7376	0.003176874244809
0.591792656587473	6.7378	0.003144521717527
0.591792656587473	6.738	0.00287431131435
0.591792656587473	6.7382	0.002941343381705
0.591792656587473	6.7384	0.002731683584654
0.591792656587473	6.7386	0.002704652250076
0.591792656587473	6.7388	0.002816160776525
0.591792656587473	6.739	0.003020205262707
0.591792656587473	6.7392	0.003366444963864
0.591792656587473	6.7394	0.003418334656686
0.591792656587473	6.7396	0.003513973490194
0.591792656587473	6.7398	0.003700596484703
0.591792656587473	6.74	0.00369157312808
0.591792656587473	6.7402	0.003818513492602
0.591792656587473	6.7404	0.003705602318787
0.591792656587473	6.7406	0.00366721711927
0.591792656587473	6.7408	0.003811317754896
0.591792656587473	6.741	0.00388876696057
0.591792656587473	6.7412	0.003729578376486
0.591792656587473	6.7414	0.003795067099657
0.591792656587473	6.7416	0.003890315821427
0.591792656587473	6.7418	0.00402284584782
0.591792656587473	6.742	0.003731539994088
0.591792656587473	6.7422	0.003837815382222
0.591792656587473	6.7424	0.003750226189576
0.591792656587473	6.7426	0.003869959927392
0.591792656587473	6.7428	0.003879568049771
0.591792656587473	6.743	0.003866632343582
0.591792656587473	6.7432	0.003926388946065
0.672786177105832	6.733	0.003958824684
0.672786177105832	6.7332	0.003964002876236
0.672786177105832	6.7334	0.003986389715792
0.672786177105832	6.7336	0.004012225402094
0.672786177105832	6.7338	0.003993600571353
0.672786177105832	6.734	0.004050450344614
0.672786177105832	6.7342	0.003994705790847
0.672786177105832	6.7344	0.004063708059555
0.672786177105832	6.7346	0.003939188316704
0.672786177105832	6.7348	0.004063298124913
0.672786177105832	6.735	0.003989900339047
0.672786177105832	6.7352	0.003987506944883
0.672786177105832	6.7354	0.003944660934318
0.672786177105832	6.7356	0.003891521932856
0.672786177105832	6.7358	0.003836655023037
0.672786177105832	6.736	0.003820267643589
0.672786177105832	6.7362	0.003709974569558
0.672786177105832	6.7364	0.003574271296664
0.672786177105832	6.7366	0.003683093428123
0.672786177105832	6.7368	0.00373268046502
0.672786177105832	6.737	0.003567361145035
0.672786177105832	6.7372	0.003474499146071
0.672786177105832	6.7374	0.003310639002074
0.672786177105832	6.7376	0.003252150545386
0.672786177105832	6.7378	0.003223024317325
0.672786177105832	6.738	0.00297345847899
0.672786177105832	6.7382	0.002927152406939
0.672786177105832	6.7384	0.003085841104512
0.672786177105832	6.7386	0.002945666620368
0.672786177105832	6.7388	0.0030671727079
0.672786177105832	6.739	0.003011564748696
0.672786177105832	6.7392	0.003048456809933
0.672786177105832	6.7394	0.003264906700492
0.672786177105832	6.7396	0.003357170203283
0.672786177105832	6.7398	0.003489316922356
0.672786177105832	6.74	0.003466390783142
0.672786177105832	6.7402	0.003672969295718
0.672786177105832	6.7404	0.003714851212543
0.672786177105832	6.7406	0.003749854276631
0.672786177105832	6.7408	0.003879180933466
0.672786177105832	6.741	0.003704605615177
0.672786177105832	6.7412	0.00370814411177
0.672786177105832	6.7414	0.003862229207106
0.672786177105832	6.7416	0.003799631816575
0.672786177105832	6.7418	0.003742046595492
0.672786177105832	6.742	0.003685196185827
0.672786177105832	6.7422	0.003914622960801
0.672786177105832	6.7424	0.003786447985115
0.672786177105832	6.7426	0.003946596606725
0.672786177105832	6.7428	0.003819874720077
0.672786177105832	6.743	0.003979290918064
0.672786177105832	6.7432	0.003803635460913
0.75377969762419	6.733	0.0041363811196
0.75377969762419	6.7332	0.004130783821572
0.75377969762419	6.7334	0.00402524210348
0.75377969762419	6.7336	0.003988126070592
0.75377969762419	6.7338	0.00433079978523
0.75377969762419	6.734	0.004226790632056
0.75377969762419	6.7342	0.004239049522981
0.75377969762419	6.7344	0.004029527787168
0.75377969762419	6.7346	0.003985482669544
0.75377969762419	6.7348	0.003877127662118
0.75377969762419	6.735	0.004058781251867
0.75377969762419	6.7352	0.003884048217437
0.75377969762419	6.7354	0.003863523807673
0.75377969762419	6.7356	0.003934591672422
0.75377969762419	6.7358	0.003788309987444
0.75377969762419	6.736	0.003797246030806
0.75377969762419	6.7362	0.003571251224993
0.75377969762419	6.7364	0.003564960518275
0.75377969762419	6.7366	0.003511020606937
0.75377969762419	6.7368	0.003569483330207
0.75377969762419	6.737	0.003388241566476
0.75377969762419	6.7372	0.003419357597092
0.75377969762419	6.7374	0.003399577877308
0.75377969762419	6.7376	0.003250752672427
0.75377969762419	6.7378	0.003354085348218
0.75377969762419	6.738	0.003344866129432
0.75377969762419	6.7382	0.003278632733677
0.75377969762419	6.7384	0.003284912641032
0.75377969762419	6.7386	0.003411512168086
0.75377969762419	6.7388	0.003265170808532
0.75377969762419	6.739	0.003128192146984
0.75377969762419	6.7392	0.003199487853262
0.75377969762419	6.7394	0.003135629584812
0.75377969762419	6.7396	0.003389630371313
0.75377969762419	6.7398	0.003306169472419
0.75377969762419	6.74	0.003446696272086
0.75377969762419	6.7402	0.003355349169791
0.75377969762419	6.7404	0.003533166868212
0.75377969762419	6.7406	0.00368614153949
0.75377969762419	6.7408	0.003642304087498
0.75377969762419	6.741	0.003569367992816
0.75377969762419	6.7412	0.003704178716851
0.75377969762419	6.7414	0.003681736613243
0.75377969762419	6.7416	0.003685114628994
0.75377969762419	6.7418	0.003773310852155
0.75377969762419	6.742	0.003768947618539
0.75377969762419	6.7422	0.004016755818468
0.75377969762419	6.7424	0.003954053587605
0.75377969762419	6.7426	0.003763878519844
0.75377969762419	6.7428	0.003697025376667
0.75377969762419	6.743	0.003761404789068
0.75377969762419	6.7432	0.004027394464498
