0	0.01551
1.2012	0.018
2.4024	0.02117
3.6036	0.02499
4.8048	0.02946
6.00601	0.03457
7.20721	0.04031
8.40841	0.04668
9.60961	0.05365
10.81081	0.06123
12.01201	0.06939
13.21321	0.07812
14.41441	0.08741
15.61562	0.09724
16.81682	0.10761
18.01802	0.11848
19.21922	0.12985
20.42042	0.14169
21.62162	0.154
22.82282	0.16675
24.02402	0.17992
25.22523	0.19349
26.42643	0.20744
27.62763	0.22176
28.82883	0.23642
30.03003	0.25139
31.23123	0.26667
32.43243	0.28222
33.63363	0.29803
34.83483	0.31406
36.03604	0.33031
37.23724	0.34674
38.43844	0.36333
39.63964	0.38007
40.84084	0.39692
42.04204	0.41386
43.24324	0.43088
44.44444	0.44793
45.64565	0.46502
46.84685	0.4821
48.04805	0.49916
49.24925	0.51617
50.45045	0.53311
51.65165	0.54996
52.85285	0.56669
54.05405	0.58329
55.25526	0.59973
56.45646	0.61599
57.65766	0.63204
58.85886	0.64787
60.06006	0.66346
61.26126	0.67878
62.46246	0.69382
63.66366	0.70856
64.86486	0.72297
66.06607	0.73705
67.26727	0.75076
68.46847	0.7641
69.66967	0.77705
70.87087	0.78959
72.07207	0.80171
73.27327	0.81338
74.47447	0.82461
75.67568	0.83537
76.87688	0.84565
78.07808	0.85544
79.27928	0.86473
80.48048	0.8735
81.68168	0.88176
82.88288	0.88948
84.08408	0.89666
85.28529	0.90329
86.48649	0.90937
87.68769	0.91488
88.88889	0.91984
90.09009	0.92422
91.29129	0.92802
92.49249	0.93125
93.69369	0.9339
94.89489	0.93597
96.0961	0.93746
97.2973	0.93837
98.4985	0.9387
99.6997	0.93845
100.9009	0.93762
102.1021	0.93622
103.3033	0.93426
104.5045	0.93173
105.70571	0.92865
106.90691	0.92501
108.10811	0.92083
109.30931	0.91612
110.51051	0.91088
111.71171	0.90512
112.91291	0.89885
114.11411	0.89208
115.31532	0.88483
116.51652	0.8771
117.71772	0.86891
118.91892	0.86027
120.12012	0.8512
121.32132	0.8417
122.52252	0.8318
123.72372	0.8215
124.92492	0.81083
126.12613	0.7998
127.32733	0.78842
128.52853	0.77672
129.72973	0.7647
130.93093	0.75239
132.13213	0.73981
133.33333	0.72697
134.53453	0.7139
135.73574	0.7006
136.93694	0.6871
138.13814	0.67342
139.33934	0.65958
140.54054	0.6456
141.74174	0.6315
142.94294	0.61729
144.14414	0.60299
145.34535	0.58864
146.54655	0.57424
147.74775	0.55981
148.94895	0.54538
150.15015	0.53097
151.35135	0.51659
152.55255	0.50226
153.75375	0.48801
154.95495	0.47384
156.15616	0.45979
157.35736	0.44587
158.55856	0.4321
159.75976	0.4185
160.96096	0.40507
162.16216	0.39185
163.36336	0.37885
164.56456	0.36609
165.76577	0.35357
166.96697	0.34133
168.16817	0.32936
169.36937	0.3177
170.57057	0.30635
171.77177	0.29533
172.97297	0.28465
174.17417	0.27432
175.37538	0.26436
176.57658	0.25478
177.77778	0.24559
178.97898	0.2368
180.18018	0.22842
181.38138	0.22047
182.58258	0.21294
183.78378	0.20586
184.98498	0.19922
186.18619	0.19304
187.38739	0.18732
188.58859	0.18206
189.78979	0.17728
190.99099	0.17298
192.19219	0.16915
193.39339	0.16581
194.59459	0.16296
195.7958	0.16059
196.997	0.15872
198.1982	0.15734
199.3994	0.15644
200.6006	0.15604
201.8018	0.15613
203.003	0.1567
204.2042	0.15776
205.40541	0.15929
206.60661	0.1613
207.80781	0.16379
209.00901	0.16674
210.21021	0.17015
211.41141	0.17402
212.61261	0.17833
213.81381	0.18309
215.01502	0.18827
216.21622	0.19388
217.41742	0.1999
218.61862	0.20632
219.81982	0.21314
221.02102	0.22034
222.22222	0.22791
223.42342	0.23584
224.62462	0.24412
225.82583	0.25273
227.02703	0.26167
228.22823	0.27091
229.42943	0.28044
230.63063	0.29026
231.83183	0.30034
233.03303	0.31068
234.23423	0.32125
235.43544	0.33203
236.63664	0.34303
237.83784	0.35421
239.03904	0.36557
240.24024	0.37709
241.44144	0.38874
242.64264	0.40052
243.84384	0.41241
245.04505	0.42439
246.24625	0.43645
247.44745	0.44856
248.64865	0.46072
249.84985	0.4729
251.05105	0.48509
252.25225	0.49727
253.45345	0.50942
254.65465	0.52154
255.85586	0.53359
257.05706	0.54558
258.25826	0.55747
259.45946	0.56926
260.66066	0.58092
261.86186	0.59245
263.06306	0.60383
264.26426	0.61504
265.46547	0.62607
266.66667	0.63691
267.86787	0.64753
269.06907	0.65794
270.27027	0.6681
271.47147	0.67802
272.67267	0.68768
273.87387	0.69706
275.07508	0.70615
276.27628	0.71496
277.47748	0.72345
278.67868	0.73162
279.87988	0.73947
281.08108	0.74698
282.28228	0.75415
283.48348	0.76096
284.68468	0.76741
285.88589	0.77349
287.08709	0.77919
288.28829	0.78451
289.48949	0.78945
290.69069	0.79399
291.89189	0.79813
293.09309	0.80187
294.29429	0.80521
295.4955	0.80813
296.6967	0.81065
297.8979	0.81275
299.0991	0.81444
300.3003	0.81572
301.5015	0.81658
302.7027	0.81702
303.9039	0.81706
305.10511	0.81668
306.30631	0.81589
307.50751	0.8147
308.70871	0.8131
309.90991	0.8111
311.11111	0.80871
312.31231	0.80593
313.51351	0.80276
314.71471	0.79922
315.91592	0.7953
317.11712	0.79101
318.31832	0.78636
319.51952	0.78137
320.72072	0.77603
321.92192	0.77035
323.12312	0.76436
324.32432	0.75804
325.52553	0.75142
326.72673	0.7445
327.92793	0.7373
329.12913	0.72982
330.33033	0.72208
331.53153	0.71409
332.73273	0.70586
333.93393	0.6974
335.13514	0.68873
336.33634	0.67985
337.53754	0.67078
338.73874	0.66154
339.93994	0.65213
341.14114	0.64257
342.34234	0.63288
343.54354	0.62307
344.74474	0.61314
345.94595	0.60312
347.14715	0.59302
348.34835	0.58285
349.54955	0.57263
350.75075	0.56237
351.95195	0.55209
353.15315	0.5418
354.35435	0.5315
355.55556	0.52123
356.75676	0.51099
357.95796	0.50079
359.15916	0.49065
360.36036	0.48059
361.56156	0.47061
362.76276	0.46073
363.96396	0.45096
365.16517	0.44131
366.36637	0.43181
367.56757	0.42245
368.76877	0.41325
369.96997	0.40423
371.17117	0.3954
372.37237	0.38676
373.57357	0.37833
374.77477	0.37011
375.97598	0.36213
377.17718	0.35438
378.37838	0.34688
379.57958	0.33964
380.78078	0.33267
381.98198	0.32596
383.18318	0.31955
384.38438	0.31342
385.58559	0.30759
386.78679	0.30206
387.98799	0.29685
389.18919	0.29195
390.39039	0.28737
391.59159	0.28312
392.79279	0.27919
393.99399	0.27561
395.1952	0.27236
396.3964	0.26946
397.5976	0.2669
398.7988	0.26468
400	0.26282
401.2012	0.2613
402.4024	0.26013
403.6036	0.25932
404.8048	0.25885
406.00601	0.25873
407.20721	0.25896
408.40841	0.25954
409.60961	0.26046
410.81081	0.26172
412.01201	0.26332
413.21321	0.26525
414.41441	0.26752
415.61562	0.27011
416.81682	0.27302
418.01802	0.27626
419.21922	0.2798
420.42042	0.28364
421.62162	0.28779
422.82282	0.29222
424.02402	0.29694
425.22523	0.30194
426.42643	0.30721
427.62763	0.31273
428.82883	0.31851
430.03003	0.32453
431.23123	0.33079
432.43243	0.33727
433.63363	0.34397
434.83483	0.35087
436.03604	0.35797
437.23724	0.36525
438.43844	0.3727
439.63964	0.38032
440.84084	0.38809
442.04204	0.396
443.24324	0.40404
444.44444	0.4122
445.64565	0.42047
446.84685	0.42883
448.04805	0.43727
449.24925	0.44578
450.45045	0.45436
451.65165	0.46298
452.85285	0.47164
454.05405	0.48032
455.25526	0.48901
456.45646	0.49771
457.65766	0.50639
458.85886	0.51505
460.06006	0.52367
461.26126	0.53225
462.46246	0.54077
463.66366	0.54922
464.86486	0.55759
466.06607	0.56586
467.26727	0.57404
468.46847	0.5821
469.66967	0.59003
470.87087	0.59784
472.07207	0.6055
473.27327	0.613
474.47447	0.62034
475.67568	0.62751
476.87688	0.63449
478.07808	0.64129
479.27928	0.64788
480.48048	0.65427
481.68168	0.66045
482.88288	0.6664
484.08408	0.67212
485.28529	0.6776
486.48649	0.68284
487.68769	0.68783
488.88889	0.69256
490.09009	0.69704
491.29129	0.70124
492.49249	0.70518
493.69369	0.70884
494.89489	0.71223
496.0961	0.71533
497.2973	0.71814
498.4985	0.72067
499.6997	0.72291
500.9009	0.72486
502.1021	0.72651
503.3033	0.72786
504.5045	0.72893
505.70571	0.72969
506.90691	0.73016
508.10811	0.73034
509.30931	0.73022
510.51051	0.72981
511.71171	0.72911
512.91291	0.72811
514.11411	0.72684
515.31532	0.72527
516.51652	0.72343
517.71772	0.72131
518.91892	0.71892
520.12012	0.71626
521.32132	0.71334
522.52252	0.71015
523.72372	0.70672
524.92492	0.70303
526.12613	0.69911
527.32733	0.69495
528.52853	0.69056
529.72973	0.68594
530.93093	0.68112
532.13213	0.67608
533.33333	0.67085
534.53453	0.66542
535.73574	0.65981
536.93694	0.65403
538.13814	0.64807
539.33934	0.64196
540.54054	0.6357
541.74174	0.62931
542.94294	0.62277
544.14414	0.61612
545.34535	0.60936
546.54655	0.60249
547.74775	0.59553
548.94895	0.58849
550.15015	0.58138
551.35135	0.5742
552.55255	0.56697
553.75375	0.5597
554.95495	0.55239
556.15616	0.54506
557.35736	0.53772
558.55856	0.53038
559.75976	0.52304
560.96096	0.51572
562.16216	0.50843
563.36336	0.50117
564.56456	0.49396
565.76577	0.48681
566.96697	0.47972
568.16817	0.47271
569.36937	0.46579
570.57057	0.45895
571.77177	0.45222
572.97297	0.4456
574.17417	0.4391
575.37538	0.43273
576.57658	0.42649
577.77778	0.4204
578.97898	0.41446
580.18018	0.40868
581.38138	0.40306
582.58258	0.39762
583.78378	0.39236
584.98498	0.38728
586.18619	0.3824
587.38739	0.37772
588.58859	0.37324
589.78979	0.36897
590.99099	0.36492
592.19219	0.36108
593.39339	0.35747
594.59459	0.35408
595.7958	0.35093
596.997	0.34801
598.1982	0.34533
599.3994	0.34289
600.6006	0.34069
601.8018	0.33874
603.003	0.33703
604.2042	0.33557
605.40541	0.33436
606.60661	0.3334
607.80781	0.33269
609.00901	0.33223
610.21021	0.33202
611.41141	0.33205
612.61261	0.33234
613.81381	0.33287
615.01502	0.33364
616.21622	0.33466
617.41742	0.33592
618.61862	0.33741
619.81982	0.33914
621.02102	0.3411
622.22222	0.34329
623.42342	0.3457
624.62462	0.34834
625.82583	0.35118
627.02703	0.35424
628.22823	0.35751
629.42943	0.36097
630.63063	0.36463
631.83183	0.36848
633.03303	0.37251
634.23423	0.37672
635.43544	0.38109
636.63664	0.38564
637.83784	0.39034
639.03904	0.39519
640.24024	0.40018
641.44144	0.4053
642.64264	0.41056
643.84384	0.41594
645.04505	0.42142
646.24625	0.42702
647.44745	0.43271
648.64865	0.43848
649.84985	0.44434
651.05105	0.45027
652.25225	0.45627
653.45345	0.46232
654.65465	0.46841
655.85586	0.47455
657.05706	0.48071
658.25826	0.4869
659.45946	0.4931
660.66066	0.4993
661.86186	0.5055
663.06306	0.51169
664.26426	0.51785
665.46547	0.52399
666.66667	0.53009
667.86787	0.53614
669.06907	0.54214
670.27027	0.54808
671.47147	0.55395
672.67267	0.55975
673.87387	0.56545
675.07508	0.57107
676.27628	0.57659
677.47748	0.582
678.67868	0.5873
679.87988	0.59248
681.08108	0.59753
682.28228	0.60245
683.48348	0.60722
684.68468	0.61186
685.88589	0.61634
687.08709	0.62067
688.28829	0.62483
689.48949	0.62883
690.69069	0.63266
691.89189	0.63631
693.09309	0.63979
694.29429	0.64307
695.4955	0.64617
696.6967	0.64908
697.8979	0.65179
699.0991	0.65431
700.3003	0.65663
701.5015	0.65874
702.7027	0.66065
703.9039	0.66235
705.10511	0.66385
706.30631	0.66514
707.50751	0.66621
708.70871	0.66708
709.90991	0.66773
711.11111	0.66818
712.31231	0.66841
713.51351	0.66843
714.71471	0.66825
715.91592	0.66785
717.11712	0.66725
718.31832	0.66645
719.51952	0.66543
720.72072	0.66422
721.92192	0.66281
723.12312	0.66121
724.32432	0.65941
725.52553	0.65742
726.72673	0.65524
727.92793	0.65288
729.12913	0.65034
730.33033	0.64763
731.53153	0.64475
732.73273	0.6417
733.93393	0.63849
735.13514	0.63513
736.33634	0.63161
737.53754	0.62795
738.73874	0.62415
739.93994	0.62021
741.14114	0.61615
742.34234	0.61196
743.54354	0.60766
744.74474	0.60325
745.94595	0.59873
747.14715	0.59412
748.34835	0.58942
749.54955	0.58463
750.75075	0.57977
751.95195	0.57484
753.15315	0.56985
754.35435	0.5648
755.55556	0.5597
756.75676	0.55456
757.95796	0.54939
759.15916	0.54418
760.36036	0.53896
761.56156	0.53373
762.76276	0.52849
763.96396	0.52325
765.16517	0.51802
766.36637	0.51281
767.56757	0.50762
768.76877	0.50246
769.96997	0.49734
771.17117	0.49226
772.37237	0.48722
773.57357	0.48225
774.77477	0.47734
775.97598	0.4725
777.17718	0.46774
778.37838	0.46305
779.57958	0.45846
780.78078	0.45396
781.98198	0.44956
783.18318	0.44526
784.38438	0.44108
785.58559	0.43701
786.78679	0.43307
787.98799	0.42925
789.18919	0.42556
790.39039	0.422
791.59159	0.41859
792.79279	0.41532
793.99399	0.4122
795.1952	0.40922
796.3964	0.40641
797.5976	0.40375
798.7988	0.40125
800	0.39892
801.2012	0.39675
802.4024	0.39475
803.6036	0.39292
804.8048	0.39126
806.00601	0.38978
807.20721	0.38847
808.40841	0.38734
809.60961	0.38638
810.81081	0.3856
812.01201	0.385
813.21321	0.38458
814.41441	0.38434
815.61562	0.38428
816.81682	0.38439
818.01802	0.38468
819.21922	0.38514
820.42042	0.38578
821.62162	0.38658
822.82282	0.38756
824.02402	0.38871
825.22523	0.39003
826.42643	0.39151
827.62763	0.39315
828.82883	0.39494
830.03003	0.3969
831.23123	0.399
832.43243	0.40125
833.63363	0.40365
834.83483	0.40619
836.03604	0.40887
837.23724	0.41168
838.43844	0.41462
839.63964	0.41768
840.84084	0.42086
842.04204	0.42415
843.24324	0.42756
844.44444	0.43107
845.64565	0.43468
846.84685	0.43838
848.04805	0.44217
849.24925	0.44605
850.45045	0.45
851.65165	0.45402
852.85285	0.45811
854.05405	0.46226
855.25526	0.46647
856.45646	0.47072
857.65766	0.47502
858.85886	0.47935
860.06006	0.48371
861.26126	0.4881
862.46246	0.49251
863.66366	0.49693
864.86486	0.50135
866.06607	0.50577
867.26727	0.51019
868.46847	0.5146
869.66967	0.51899
870.87087	0.52336
872.07207	0.52769
873.27327	0.53199
874.47447	0.53625
875.67568	0.54047
876.87688	0.54463
878.07808	0.54873
879.27928	0.55278
880.48048	0.55675
881.68168	0.56065
882.88288	0.56447
884.08408	0.56821
885.28529	0.57186
886.48649	0.57542
887.68769	0.57888
888.88889	0.58224
890.09009	0.58549
891.29129	0.58864
892.49249	0.59167
893.69369	0.59458
894.89489	0.59738
896.0961	0.60005
897.2973	0.60259
898.4985	0.605
899.6997	0.60728
900.9009	0.60943
902.1021	0.61144
903.3033	0.61331
904.5045	0.61503
905.70571	0.61661
906.90691	0.61805
908.10811	0.61934
909.30931	0.62049
910.51051	0.62148
911.71171	0.62233
912.91291	0.62302
914.11411	0.62357
915.31532	0.62396
916.51652	0.6242
917.71772	0.6243
918.91892	0.62424
920.12012	0.62404
921.32132	0.62368
922.52252	0.62318
923.72372	0.62254
924.92492	0.62175
926.12613	0.62081
927.32733	0.61974
928.52853	0.61852
929.72973	0.61717
930.93093	0.61569
932.13213	0.61407
933.33333	0.61233
934.53453	0.61046
935.73574	0.60846
936.93694	0.60635
938.13814	0.60412
939.33934	0.60177
940.54054	0.59932
941.74174	0.59676
942.94294	0.5941
944.14414	0.59134
945.34535	0.58849
946.54655	0.58555
947.74775	0.58252
948.94895	0.57941
950.15015	0.57623
951.35135	0.57297
952.55255	0.56965
953.75375	0.56627
954.95495	0.56283
956.15616	0.55933
957.35736	0.55579
958.55856	0.55221
959.75976	0.54859
960.96096	0.54494
962.16216	0.54126
963.36336	0.53756
964.56456	0.53384
965.76577	0.53011
966.96697	0.52637
968.16817	0.52264
969.36937	0.5189
970.57057	0.51518
971.77177	0.51146
972.97297	0.50777
974.17417	0.5041
975.37538	0.50046
976.57658	0.49685
977.77778	0.49328
978.97898	0.48976
980.18018	0.48628
981.38138	0.48285
982.58258	0.47948
983.78378	0.47617
984.98498	0.47292
986.18619	0.46975
987.38739	0.46664
988.58859	0.46362
989.78979	0.46067
990.99099	0.45781
992.19219	0.45504
993.39339	0.45236
994.59459	0.44978
995.7958	0.44729
996.997	0.4449
998.1982	0.44262
999.3994	0.44044
1000.6006	0.43838
1001.8018	0.43642
1003.003	0.43458
1004.2042	0.43285
1005.40541	0.43124
1006.60661	0.42976
1007.80781	0.42839
1009.00901	0.42714
1010.21021	0.42602
1011.41141	0.42502
1012.61261	0.42415
1013.81381	0.4234
1015.01502	0.42278
1016.21622	0.42229
1017.41742	0.42193
1018.61862	0.42169
1019.81982	0.42158
1021.02102	0.42159
1022.22222	0.42173
1023.42342	0.422
1024.62462	0.42239
1025.82583	0.4229
1027.02703	0.42354
1028.22823	0.4243
1029.42943	0.42517
1030.63063	0.42617
1031.83183	0.42728
1033.03303	0.4285
1034.23423	0.42984
1035.43544	0.43129
1036.63664	0.43284
1037.83784	0.4345
1039.03904	0.43626
1040.24024	0.43812
1041.44144	0.44007
1042.64264	0.44212
1043.84384	0.44426
1045.04505	0.44649
1046.24625	0.4488
1047.44745	0.45119
1048.64865	0.45365
1049.84985	0.45619
1051.05105	0.4588
1052.25225	0.46147
1053.45345	0.4642
1054.65465	0.467
1055.85586	0.46984
1057.05706	0.47274
1058.25826	0.47568
1059.45946	0.47866
1060.66066	0.48167
1061.86186	0.48472
1063.06306	0.4878
1064.26426	0.4909
1065.46547	0.49402
1066.66667	0.49716
1067.86787	0.50031
1069.06907	0.50346
1070.27027	0.50662
1071.47147	0.50978
1072.67267	0.51293
1073.87387	0.51606
1075.07508	0.51919
1076.27628	0.52229
1077.47748	0.52537
1078.67868	0.52843
1079.87988	0.53145
1081.08108	0.53444
1082.28228	0.53739
1083.48348	0.5403
1084.68468	0.54316
1085.88589	0.54597
1087.08709	0.54872
1088.28829	0.55142
1089.48949	0.55406
1090.69069	0.55663
1091.89189	0.55914
1093.09309	0.56157
1094.29429	0.56393
1095.4955	0.56622
1096.6967	0.56842
1097.8979	0.57054
1099.0991	0.57258
1100.3003	0.57453
1101.5015	0.57639
1102.7027	0.57816
1103.9039	0.57984
1105.10511	0.58142
1106.30631	0.5829
1107.50751	0.58429
1108.70871	0.58557
1109.90991	0.58675
1111.11111	0.58783
1112.31231	0.5888
1113.51351	0.58967
1114.71471	0.59044
1115.91592	0.5911
1117.11712	0.59165
1118.31832	0.59209
1119.51952	0.59243
1120.72072	0.59266
1121.92192	0.59278
1123.12312	0.59279
1124.32432	0.5927
1125.52553	0.5925
1126.72673	0.5922
1127.92793	0.59179
1129.12913	0.59128
1130.33033	0.59067
1131.53153	0.58995
1132.73273	0.58914
1133.93393	0.58823
1135.13514	0.58722
1136.33634	0.58611
1137.53754	0.58491
1138.73874	0.58362
1139.93994	0.58225
1141.14114	0.58078
1142.34234	0.57923
1143.54354	0.5776
1144.74474	0.57589
1145.94595	0.5741
1147.14715	0.57224
1148.34835	0.57031
1149.54955	0.56831
1150.75075	0.56624
1151.95195	0.56411
1153.15315	0.56192
1154.35435	0.55968
1155.55556	0.55738
1156.75676	0.55504
1157.95796	0.55265
1159.15916	0.55021
1160.36036	0.54774
1161.56156	0.54523
1162.76276	0.54269
1163.96396	0.54012
1165.16517	0.53753
1166.36637	0.53491
1167.56757	0.53228
1168.76877	0.52963
1169.96997	0.52698
1171.17117	0.52431
1172.37237	0.52165
1173.57357	0.51898
1174.77477	0.51632
1175.97598	0.51366
1177.17718	0.51102
1178.37838	0.5084
1179.57958	0.50579
1180.78078	0.5032
1181.98198	0.50064
1183.18318	0.49811
1184.38438	0.49561
1185.58559	0.49314
1186.78679	0.49072
1187.98799	0.48833
1189.18919	0.48599
1190.39039	0.4837
1191.59159	0.48146
1192.79279	0.47927
1193.99399	0.47714
1195.1952	0.47507
1196.3964	0.47306
1197.5976	0.47111
1198.7988	0.46924
1200	0.46742
