Independent Variable
0	7.04636E-5
1.3013	7.82966E-5
2.6026	8.63693E-5
3.9039	9.46715E-5
5.20521	1.03193E-4
6.50651	1.11923E-4
7.80781	1.20851E-4
9.10911	1.29966E-4
10.41041	1.39257E-4
11.71171	1.48712E-4
13.01301	1.58319E-4
14.31431	1.68069E-4
15.61562	1.77947E-4
16.91692	1.87943E-4
18.21822	1.98045E-4
19.51952	2.0824E-4
20.82082	2.18516E-4
22.12212	2.28861E-4
23.42342	2.39263E-4
24.72472	2.49709E-4
26.02603	2.60187E-4
27.32733	2.70685E-4
28.62863	2.81189E-4
29.92993	2.91689E-4
31.23123	3.02172E-4
32.53253	3.12625E-4
33.83383	3.23036E-4
35.13514	3.33393E-4
36.43644	3.43685E-4
37.73774	3.53899E-4
39.03904	3.64023E-4
40.34034	3.74047E-4
41.64164	3.83958E-4
42.94294	3.93745E-4
44.24424	4.03397E-4
45.54555	4.12903E-4
46.84685	4.22253E-4
48.14815	4.31435E-4
49.44945	4.4044E-4
50.75075	4.49257E-4
52.05205	4.57877E-4
53.35335	4.6629E-4
54.65465	4.74486E-4
55.95596	4.82458E-4
57.25726	4.90195E-4
58.55856	4.97689E-4
59.85986	5.04934E-4
61.16116	5.11919E-4
62.46246	5.18639E-4
63.76376	5.25086E-4
65.06507	5.31252E-4
66.36637	5.37133E-4
67.66767	5.4272E-4
68.96897	5.4801E-4
70.27027	5.52996E-4
71.57157	5.57673E-4
72.87287	5.62036E-4
74.17417	5.66082E-4
75.47548	5.69807E-4
76.77678	5.73206E-4
78.07808	5.76277E-4
79.37938	5.79017E-4
80.68068	5.81424E-4
81.98198	5.83496E-4
83.28328	5.85231E-4
84.58458	5.86629E-4
85.88589	5.87687E-4
87.18719	5.88407E-4
88.48849	5.88788E-4
89.78979	5.8883E-4
91.09109	5.88535E-4
92.39239	5.87903E-4
93.69369	5.86937E-4
94.99499	5.85638E-4
96.2963	5.84009E-4
97.5976	5.82052E-4
98.8989	5.79771E-4
100.2002	5.77169E-4
101.5015	5.7425E-4
102.8028	5.71019E-4
104.1041	5.67479E-4
105.40541	5.63637E-4
106.70671	5.59497E-4
108.00801	5.55064E-4
109.30931	5.50346E-4
110.61061	5.45347E-4
111.91191	5.40075E-4
113.21321	5.34537E-4
114.51451	5.2874E-4
115.81582	5.22691E-4
117.11712	5.16398E-4
118.41842	5.09869E-4
119.71972	5.03112E-4
121.02102	4.96137E-4
122.32232	4.8895E-4
123.62362	4.81563E-4
124.92492	4.73983E-4
126.22623	4.6622E-4
127.52753	4.58284E-4
128.82883	4.50185E-4
130.13013	4.41932E-4
131.43143	4.33535E-4
132.73273	4.25005E-4
134.03403	4.16352E-4
135.33534	4.07587E-4
136.63664	3.9872E-4
137.93794	3.89761E-4
139.23924	3.80722E-4
140.54054	3.71613E-4
141.84184	3.62445E-4
143.14314	3.53229E-4
144.44444	3.43976E-4
145.74575	3.34697E-4
147.04705	3.25403E-4
148.34835	3.16104E-4
149.64965	3.06812E-4
150.95095	2.97538E-4
152.25225	2.88291E-4
153.55355	2.79084E-4
154.85485	2.69927E-4
156.15616	2.60829E-4
157.45746	2.51803E-4
158.75876	2.42858E-4
160.06006	2.34004E-4
161.36136	2.25252E-4
162.66266	2.16611E-4
163.96396	2.08092E-4
165.26527	1.99704E-4
166.56657	1.91456E-4
167.86787	1.83358E-4
169.16917	1.75419E-4
170.47047	1.67648E-4
171.77177	1.60053E-4
173.07307	1.52643E-4
174.37437	1.45427E-4
175.67568	1.38411E-4
176.97698	1.31603E-4
178.27828	1.25012E-4
179.57958	1.18644E-4
180.88088	1.12506E-4
182.18218	1.06605E-4
183.48348	1.00946E-4
184.78478	9.5537E-5
186.08609	9.03822E-5
187.38739	8.54873E-5
188.68869	8.08575E-5
189.98999	7.64974E-5
191.29129	7.24114E-5
192.59259	6.86036E-5
193.89389	6.50776E-5
195.1952	6.1837E-5
196.4965	5.88846E-5
197.7978	5.62233E-5
199.0991	5.38553E-5
200.4004	5.17827E-5
201.7017	5.0007E-5
203.003	4.85297E-5
204.3043	4.73515E-5
205.60561	4.64731E-5
206.90691	4.58948E-5
208.20821	4.56164E-5
209.50951	4.56375E-5
210.81081	4.59572E-5
212.11211	4.65743E-5
213.41341	4.74874E-5
214.71471	4.86946E-5
216.01602	5.01937E-5
217.31732	5.19822E-5
218.61862	5.40572E-5
219.91992	5.64155E-5
221.22122	5.90536E-5
222.52252	6.19676E-5
223.82382	6.51535E-5
225.12513	6.86068E-5
226.42643	7.23227E-5
227.72773	7.62962E-5
229.02903	8.05219E-5
230.33033	8.49942E-5
231.63163	8.97072E-5
232.93293	9.46548E-5
234.23423	9.98306E-5
235.53554	1.05228E-4
236.83684	1.1084E-4
238.13814	1.16659E-4
239.43944	1.22678E-4
240.74074	1.2889E-4
242.04204	1.35287E-4
243.34334	1.4186E-4
244.64464	1.48602E-4
245.94595	1.55503E-4
247.24725	1.62557E-4
248.54855	1.69754E-4
249.84985	1.77085E-4
251.15115	1.84541E-4
252.45245	1.92114E-4
253.75375	1.99793E-4
255.05506	2.0757E-4
256.35636	2.15436E-4
257.65766	2.23381E-4
258.95896	2.31395E-4
260.26026	2.39469E-4
261.56156	2.47593E-4
262.86286	2.55758E-4
264.16416	2.63953E-4
265.46547	2.7217E-4
266.76677	2.80399E-4
268.06807	2.88629E-4
269.36937	2.96852E-4
270.67067	3.05058E-4
271.97197	3.13236E-4
273.27327	3.21378E-4
274.57457	3.29474E-4
275.87588	3.37515E-4
277.17718	3.45492E-4
278.47848	3.53395E-4
279.77978	3.61215E-4
281.08108	3.68943E-4
282.38238	3.76572E-4
283.68368	3.8409E-4
284.98498	3.91492E-4
286.28629	3.98767E-4
287.58759	4.05908E-4
288.88889	4.12907E-4
290.19019	4.19756E-4
291.49149	4.26447E-4
292.79279	4.32973E-4
294.09409	4.39327E-4
295.3954	4.45502E-4
296.6967	4.51491E-4
297.998	4.57287E-4
299.2993	4.62884E-4
300.6006	4.68277E-4
301.9019	4.73459E-4
303.2032	4.78425E-4
304.5045	4.83169E-4
305.80581	4.87687E-4
307.10711	4.91975E-4
308.40841	4.96026E-4
309.70971	4.99839E-4
311.01101	5.03408E-4
312.31231	5.0673E-4
313.61361	5.09801E-4
314.91491	5.1262E-4
316.21622	5.15183E-4
317.51752	5.17488E-4
318.81882	5.19533E-4
320.12012	5.21317E-4
321.42142	5.22837E-4
322.72272	5.24093E-4
324.02402	5.25084E-4
325.32533	5.25809E-4
326.62663	5.26269E-4
327.92793	5.26464E-4
329.22923	5.26393E-4
330.53053	5.26059E-4
331.83183	5.25461E-4
333.13313	5.24602E-4
334.43443	5.23482E-4
335.73574	5.22105E-4
337.03704	5.20472E-4
338.33834	5.18586E-4
339.63964	5.1645E-4
340.94094	5.14066E-4
342.24224	5.1144E-4
343.54354	5.08573E-4
344.84484	5.0547E-4
346.14615	5.02136E-4
347.44745	4.98575E-4
348.74875	4.94791E-4
350.05005	4.9079E-4
351.35135	4.86577E-4
352.65265	4.82158E-4
353.95395	4.77538E-4
355.25526	4.72723E-4
356.55656	4.67719E-4
357.85786	4.62533E-4
359.15916	4.57171E-4
360.46046	4.51639E-4
361.76176	4.45946E-4
363.06306	4.40098E-4
364.36436	4.34102E-4
365.66567	4.27966E-4
366.96697	4.21697E-4
368.26827	4.15303E-4
369.56957	4.08791E-4
370.87087	4.0217E-4
372.17217	3.95448E-4
373.47347	3.88633E-4
374.77477	3.81733E-4
376.07608	3.74756E-4
377.37738	3.67711E-4
378.67868	3.60606E-4
379.97998	3.5345E-4
381.28128	3.46251E-4
382.58258	3.39018E-4
383.88388	3.31759E-4
385.18519	3.24482E-4
386.48649	3.17198E-4
387.78779	3.09913E-4
389.08909	3.02637E-4
390.39039	2.95378E-4
391.69169	2.88144E-4
392.99299	2.80944E-4
394.29429	2.73786E-4
395.5956	2.66679E-4
396.8969	2.59631E-4
398.1982	2.52649E-4
399.4995	2.45742E-4
400.8008	2.38918E-4
402.1021	2.32184E-4
403.4034	2.25548E-4
404.7047	2.19018E-4
406.00601	2.12601E-4
407.30731	2.06304E-4
408.60861	2.00134E-4
409.90991	1.94099E-4
411.21121	1.88204E-4
412.51251	1.82456E-4
413.81381	1.76863E-4
415.11512	1.71429E-4
416.41642	1.66161E-4
417.71772	1.61064E-4
419.01902	1.56145E-4
420.32032	1.51407E-4
421.62162	1.46857E-4
422.92292	1.425E-4
424.22422	1.38339E-4
425.52553	1.34379E-4
426.82683	1.30625E-4
428.12813	1.2708E-4
429.42943	1.23747E-4
430.73073	1.2063E-4
432.03203	1.17733E-4
433.33333	1.15058E-4
434.63463	1.12607E-4
435.93594	1.10382E-4
437.23724	1.08387E-4
438.53854	1.06622E-4
439.83984	1.05089E-4
441.14114	1.03789E-4
442.44244	1.02723E-4
443.74374	1.01892E-4
445.04505	1.01296E-4
446.34635	1.00935E-4
447.64765	1.00809E-4
448.94895	1.00917E-4
450.25025	1.01259E-4
451.55155	1.01833E-4
452.85285	1.02639E-4
454.15415	1.03675E-4
455.45546	1.04938E-4
456.75676	1.06428E-4
458.05806	1.08141E-4
459.35936	1.10075E-4
460.66066	1.12227E-4
461.96196	1.14594E-4
463.26326	1.17172E-4
464.56456	1.19959E-4
465.86587	1.2295E-4
467.16717	1.26141E-4
468.46847	1.29528E-4
469.76977	1.33107E-4
471.07107	1.36872E-4
472.37237	1.40819E-4
473.67367	1.44943E-4
474.97497	1.49239E-4
476.27628	1.537E-4
477.57758	1.58322E-4
478.87888	1.63098E-4
480.18018	1.68022E-4
481.48148	1.73089E-4
482.78278	1.78292E-4
484.08408	1.83624E-4
485.38539	1.89079E-4
486.68669	1.94651E-4
487.98799	2.00331E-4
489.28929	2.06115E-4
490.59059	2.11993E-4
491.89189	2.1796E-4
493.19319	2.24008E-4
494.49449	2.3013E-4
495.7958	2.36318E-4
497.0971	2.42565E-4
498.3984	2.48864E-4
499.6997	2.55206E-4
501.001	2.61585E-4
502.3023	2.67993E-4
503.6036	2.74422E-4
504.9049	2.80864E-4
506.20621	2.87313E-4
507.50751	2.9376E-4
508.80881	3.00199E-4
510.11011	3.06621E-4
511.41141	3.13018E-4
512.71271	3.19385E-4
514.01401	3.25712E-4
515.31532	3.31994E-4
516.61662	3.38222E-4
517.91792	3.44389E-4
519.21922	3.50489E-4
520.52052	3.56515E-4
521.82182	3.62459E-4
523.12312	3.68315E-4
524.42442	3.74076E-4
525.72573	3.79736E-4
527.02703	3.85288E-4
528.32833	3.90727E-4
529.62963	3.96046E-4
530.93093	4.01238E-4
532.23223	4.063E-4
533.53353	4.11224E-4
534.83483	4.16006E-4
536.13614	4.20639E-4
537.43744	4.2512E-4
538.73874	4.29444E-4
540.04004	4.33605E-4
541.34134	4.37599E-4
542.64264	4.41423E-4
543.94394	4.45071E-4
545.24525	4.48541E-4
546.54655	4.51828E-4
547.84785	4.5493E-4
549.14915	4.57843E-4
550.45045	4.60564E-4
551.75175	4.6309E-4
553.05305	4.6542E-4
554.35435	4.6755E-4
555.65566	4.69479E-4
556.95696	4.71206E-4
558.25826	4.72728E-4
559.55956	4.74045E-4
560.86086	4.75155E-4
562.16216	4.76058E-4
563.46346	4.76753E-4
564.76476	4.7724E-4
566.06607	4.77518E-4
567.36737	4.7759E-4
568.66867	4.77453E-4
569.96997	4.7711E-4
571.27127	4.76562E-4
572.57257	4.75808E-4
573.87387	4.74852E-4
575.17518	4.73694E-4
576.47648	4.72337E-4
577.77778	4.70782E-4
579.07908	4.69032E-4
580.38038	4.6709E-4
581.68168	4.64958E-4
582.98298	4.62639E-4
584.28428	4.60136E-4
585.58559	4.57454E-4
586.88689	4.54595E-4
588.18819	4.51563E-4
589.48949	4.48363E-4
590.79079	4.44998E-4
592.09209	4.41473E-4
593.39339	4.37793E-4
594.69469	4.33961E-4
595.996	4.29984E-4
597.2973	4.25866E-4
598.5986	4.21612E-4
599.8999	4.17228E-4
601.2012	4.12719E-4
602.5025	4.08091E-4
603.8038	4.03349E-4
605.10511	3.985E-4
606.40641	3.93549E-4
607.70771	3.88502E-4
609.00901	3.83366E-4
610.31031	3.78147E-4
611.61161	3.7285E-4
612.91291	3.67483E-4
614.21421	3.62053E-4
615.51552	3.56565E-4
616.81682	3.51025E-4
618.11812	3.45442E-4
619.41942	3.39821E-4
620.72072	3.34169E-4
622.02202	3.28493E-4
623.32332	3.22799E-4
624.62462	3.17095E-4
625.92593	3.11386E-4
627.22723	3.0568E-4
628.52853	2.99984E-4
629.82983	2.94303E-4
631.13113	2.88645E-4
632.43243	2.83016E-4
633.73373	2.77422E-4
635.03504	2.71871E-4
636.33634	2.66368E-4
637.63764	2.6092E-4
638.93894	2.55533E-4
640.24024	2.50213E-4
641.54154	2.44966E-4
642.84284	2.39798E-4
644.14414	2.34716E-4
645.44545	2.29724E-4
646.74675	2.24828E-4
648.04805	2.20035E-4
649.34935	2.15348E-4
650.65065	2.10774E-4
651.95195	2.06317E-4
653.25325	2.01983E-4
654.55455	1.97776E-4
655.85586	1.937E-4
657.15716	1.89761E-4
658.45846	1.85961E-4
659.75976	1.82307E-4
661.06106	1.788E-4
662.36236	1.75446E-4
663.66366	1.72247E-4
664.96496	1.69207E-4
666.26627	1.66329E-4
667.56757	1.63616E-4
668.86887	1.61071E-4
670.17017	1.58696E-4
671.47147	1.56494E-4
672.77277	1.54466E-4
674.07407	1.52615E-4
675.37538	1.50942E-4
676.67668	1.49449E-4
677.97798	1.48138E-4
679.27928	1.47008E-4
680.58058	1.46061E-4
681.88188	1.45298E-4
683.18318	1.44719E-4
684.48448	1.44324E-4
685.78579	1.44113E-4
687.08709	1.44086E-4
688.38839	1.44242E-4
689.68969	1.44582E-4
690.99099	1.45103E-4
692.29229	1.45805E-4
693.59359	1.46686E-4
694.89489	1.47746E-4
696.1962	1.48982E-4
697.4975	1.50392E-4
698.7988	1.51975E-4
700.1001	1.53727E-4
701.4014	1.55647E-4
702.7027	1.57731E-4
704.004	1.59978E-4
705.30531	1.62383E-4
706.60661	1.64944E-4
707.90791	1.67657E-4
709.20921	1.70519E-4
710.51051	1.73525E-4
711.81181	1.76673E-4
713.11311	1.79957E-4
714.41441	1.83374E-4
715.71572	1.86919E-4
717.01702	1.90588E-4
718.31832	1.94377E-4
719.61962	1.98279E-4
720.92092	2.02292E-4
722.22222	2.06408E-4
723.52352	2.10625E-4
724.82482	2.14935E-4
726.12613	2.19335E-4
727.42743	2.23818E-4
728.72873	2.28379E-4
730.03003	2.33013E-4
731.33133	2.37714E-4
732.63263	2.42476E-4
733.93393	2.47293E-4
735.23524	2.52161E-4
736.53654	2.57072E-4
737.83784	2.62021E-4
739.13914	2.67003E-4
740.44044	2.7201E-4
741.74174	2.77038E-4
743.04304	2.8208E-4
744.34434	2.87131E-4
745.64565	2.92184E-4
746.94695	2.97233E-4
748.24825	3.02274E-4
749.54955	3.07299E-4
750.85085	3.12302E-4
752.15215	3.17279E-4
753.45345	3.22224E-4
754.75475	3.2713E-4
756.05606	3.31992E-4
757.35736	3.36804E-4
758.65866	3.41561E-4
759.95996	3.46258E-4
761.26126	3.50889E-4
762.56256	3.55449E-4
763.86386	3.59933E-4
765.16517	3.64335E-4
766.46647	3.68651E-4
767.76777	3.72876E-4
769.06907	3.77005E-4
770.37037	3.81034E-4
771.67167	3.84958E-4
772.97297	3.88773E-4
774.27427	3.92475E-4
775.57558	3.96059E-4
776.87688	3.99522E-4
778.17818	4.02861E-4
779.47948	4.0607E-4
780.78078	4.09148E-4
782.08208	4.1209E-4
783.38338	4.14895E-4
784.68468	4.17558E-4
785.98599	4.20077E-4
787.28729	4.22449E-4
788.58859	4.24673E-4
789.88989	4.26745E-4
791.19119	4.28665E-4
792.49249	4.30429E-4
793.79379	4.32037E-4
795.0951	4.33486E-4
796.3964	4.34776E-4
797.6977	4.35906E-4
798.999	4.36875E-4
800.3003	4.37681E-4
801.6016	4.38325E-4
802.9029	4.38805E-4
804.2042	4.39123E-4
805.50551	4.39278E-4
806.80681	4.3927E-4
808.10811	4.391E-4
809.40941	4.38768E-4
810.71071	4.38275E-4
812.01201	4.37622E-4
813.31331	4.36811E-4
814.61461	4.35842E-4
815.91592	4.34718E-4
817.21722	4.3344E-4
818.51852	4.3201E-4
819.81982	4.30429E-4
821.12112	4.28701E-4
822.42242	4.26827E-4
823.72372	4.24811E-4
825.02503	4.22655E-4
826.32633	4.20361E-4
827.62763	4.17934E-4
828.92893	4.15376E-4
830.23023	4.1269E-4
831.53153	4.0988E-4
832.83283	4.06949E-4
834.13413	4.03902E-4
835.43544	4.00742E-4
836.73674	3.97473E-4
838.03804	3.941E-4
839.33934	3.90626E-4
840.64064	3.87056E-4
841.94194	3.83394E-4
843.24324	3.79646E-4
844.54454	3.75814E-4
845.84585	3.71905E-4
847.14715	3.67923E-4
848.44845	3.63872E-4
849.74975	3.59758E-4
851.05105	3.55586E-4
852.35235	3.51361E-4
853.65365	3.47088E-4
854.95495	3.42771E-4
856.25626	3.38417E-4
857.55756	3.3403E-4
858.85886	3.29616E-4
860.16016	3.2518E-4
861.46146	3.20726E-4
862.76276	3.16261E-4
864.06406	3.1179E-4
865.36537	3.07317E-4
866.66667	3.02848E-4
867.96797	2.98389E-4
869.26927	2.93944E-4
870.57057	2.89519E-4
871.87187	2.85119E-4
873.17317	2.80749E-4
874.47447	2.76414E-4
875.77578	2.72118E-4
877.07708	2.67867E-4
878.37838	2.63666E-4
879.67968	2.5952E-4
880.98098	2.55433E-4
882.28228	2.51409E-4
883.58358	2.47454E-4
884.88488	2.43572E-4
886.18619	2.39767E-4
887.48749	2.36044E-4
888.78879	2.32406E-4
890.09009	2.28857E-4
891.39139	2.25402E-4
892.69269	2.22045E-4
893.99399	2.18788E-4
895.2953	2.15636E-4
896.5966	2.12592E-4
897.8979	2.09659E-4
899.1992	2.06841E-4
900.5005	2.0414E-4
901.8018	2.01559E-4
903.1031	1.99101E-4
904.4044	1.96769E-4
905.70571	1.94564E-4
907.00701	1.9249E-4
908.30831	1.90547E-4
909.60961	1.88739E-4
910.91091	1.87067E-4
912.21221	1.85532E-4
913.51351	1.84136E-4
914.81481	1.82881E-4
916.11612	1.81767E-4
917.41742	1.80794E-4
918.71872	1.79965E-4
920.02002	1.7928E-4
921.32132	1.78738E-4
922.62262	1.78341E-4
923.92392	1.78088E-4
925.22523	1.77979E-4
926.52653	1.78014E-4
927.82783	1.78193E-4
929.12913	1.78515E-4
930.43043	1.78979E-4
931.73173	1.79584E-4
933.03303	1.80329E-4
934.33433	1.81214E-4
935.63564	1.82236E-4
936.93694	1.83394E-4
938.23824	1.84686E-4
939.53954	1.86111E-4
940.84084	1.87666E-4
942.14214	1.89349E-4
943.44344	1.91158E-4
944.74474	1.93091E-4
946.04605	1.95145E-4
947.34735	1.97316E-4
948.64865	1.99603E-4
949.94995	2.02002E-4
951.25125	2.04511E-4
952.55255	2.07125E-4
953.85385	2.09842E-4
955.15516	2.12659E-4
956.45646	2.1557E-4
957.75776	2.18574E-4
959.05906	2.21666E-4
960.36036	2.24842E-4
961.66166	2.28099E-4
962.96296	2.31432E-4
964.26426	2.34837E-4
965.56557	2.38311E-4
966.86687	2.41848E-4
968.16817	2.45444E-4
969.46947	2.49096E-4
970.77077	2.52799E-4
972.07207	2.56547E-4
973.37337	2.60338E-4
974.67467	2.64166E-4
975.97598	2.68026E-4
977.27728	2.71914E-4
978.57858	2.75826E-4
979.87988	2.79756E-4
981.18118	2.837E-4
982.48248	2.87654E-4
983.78378	2.91613E-4
985.08509	2.95572E-4
986.38639	2.99526E-4
987.68769	3.03471E-4
988.98899	3.07402E-4
990.29029	3.11315E-4
991.59159	3.15205E-4
992.89289	3.19068E-4
994.19419	3.22899E-4
995.4955	3.26694E-4
996.7968	3.30448E-4
998.0981	3.34157E-4
999.3994	3.37818E-4
1000.7007	3.41425E-4
1002.002	3.44975E-4
1003.3033	3.48463E-4
1004.6046	3.51887E-4
1005.90591	3.55241E-4
1007.20721	3.58522E-4
1008.50851	3.61727E-4
1009.80981	3.64852E-4
1011.11111	3.67894E-4
1012.41241	3.70849E-4
1013.71371	3.73713E-4
1015.01502	3.76485E-4
1016.31632	3.79161E-4
1017.61762	3.81737E-4
1018.91892	3.84212E-4
1020.22022	3.86582E-4
1021.52152	3.88845E-4
1022.82282	3.90999E-4
1024.12412	3.93042E-4
1025.42543	3.94971E-4
1026.72673	3.96784E-4
1028.02803	3.98481E-4
1029.32933	4.00058E-4
1030.63063	4.01514E-4
1031.93193	4.02849E-4
1033.23323	4.0406E-4
1034.53453	4.05147E-4
1035.83584	4.06109E-4
1037.13714	4.06945E-4
1038.43844	4.07654E-4
1039.73974	4.08236E-4
1041.04104	4.0869E-4
1042.34234	4.09017E-4
1043.64364	4.09216E-4
1044.94494	4.09287E-4
1046.24625	4.09231E-4
1047.54755	4.09048E-4
1048.84885	4.08738E-4
1050.15015	4.08303E-4
1051.45145	4.07743E-4
1052.75275	4.07059E-4
1054.05405	4.06252E-4
1055.35536	4.05324E-4
1056.65666	4.04275E-4
1057.95796	4.03108E-4
1059.25926	4.01825E-4
1060.56056	4.00426E-4
1061.86186	3.98914E-4
1063.16316	3.97291E-4
1064.46446	3.95559E-4
1065.76577	3.9372E-4
1067.06707	3.91778E-4
1068.36837	3.89734E-4
1069.66967	3.87591E-4
1070.97097	3.85352E-4
1072.27227	3.8302E-4
1073.57357	3.80597E-4
1074.87487	3.78088E-4
1076.17618	3.75494E-4
1077.47748	3.7282E-4
1078.77878	3.70068E-4
1080.08008	3.67242E-4
1081.38138	3.64346E-4
1082.68268	3.61383E-4
1083.98398	3.58357E-4
1085.28529	3.55271E-4
1086.58659	3.52129E-4
1087.88789	3.48936E-4
1089.18919	3.45694E-4
1090.49049	3.42408E-4
1091.79179	3.39083E-4
1093.09309	3.35721E-4
1094.39439	3.32327E-4
1095.6957	3.28904E-4
1096.997	3.25458E-4
1098.2983	3.21992E-4
1099.5996	3.1851E-4
1100.9009	3.15017E-4
1102.2022	3.11516E-4
1103.5035	3.08012E-4
1104.8048	3.04508E-4
1106.10611	3.01009E-4
1107.40741	2.97519E-4
1108.70871	2.94042E-4
1110.01001	2.90582E-4
1111.31131	2.87143E-4
1112.61261	2.83729E-4
1113.91391	2.80344E-4
1115.21522	2.76992E-4
1116.51652	2.73676E-4
1117.81782	2.70401E-4
1119.11912	2.6717E-4
1120.42042	2.63986E-4
1121.72172	2.60855E-4
1123.02302	2.57778E-4
1124.32432	2.54759E-4
1125.62563	2.51802E-4
1126.92693	2.48911E-4
1128.22823	2.46087E-4
1129.52953	2.43335E-4
1130.83083	2.40658E-4
1132.13213	2.38058E-4
1133.43343	2.35538E-4
1134.73473	2.33101E-4
1136.03604	2.3075E-4
1137.33734	2.28487E-4
1138.63864	2.26314E-4
1139.93994	2.24234E-4
1141.24124	2.2225E-4
1142.54254	2.20362E-4
1143.84384	2.18573E-4
1145.14515	2.16886E-4
1146.44645	2.15301E-4
1147.74775	2.1382E-4
1149.04905	2.12445E-4
1150.35035	2.11177E-4
1151.65165	2.10017E-4
1152.95295	2.08966E-4
1154.25425	2.08025E-4
1155.55556	2.07196E-4
1156.85686	2.06478E-4
1158.15816	2.05872E-4
1159.45946	2.05379E-4
1160.76076	2.04999E-4
1162.06206	2.04732E-4
1163.36336	2.04578E-4
1164.66466	2.04537E-4
1165.96597	2.04609E-4
1167.26727	2.04793E-4
1168.56857	2.05088E-4
1169.86987	2.05495E-4
1171.17117	2.06013E-4
1172.47247	2.0664E-4
1173.77377	2.07375E-4
1175.07508	2.08218E-4
1176.37638	2.09166E-4
1177.67768	2.1022E-4
1178.97898	2.11376E-4
1180.28028	2.12634E-4
1181.58158	2.13992E-4
1182.88288	2.15447E-4
1184.18418	2.16999E-4
1185.48549	2.18644E-4
1186.78679	2.20382E-4
1188.08809	2.22208E-4
1189.38939	2.24122E-4
1190.69069	2.2612E-4
1191.99199	2.282E-4
1193.29329	2.3036E-4
1194.59459	2.32596E-4
1195.8959	2.34906E-4
1197.1972	2.37287E-4
1198.4985	2.39736E-4
1199.7998	2.4225E-4
1201.1011	2.44825E-4
1202.4024	2.47459E-4
1203.7037	2.50149E-4
1205.00501	2.5289E-4
1206.30631	2.5568E-4
1207.60761	2.58516E-4
1208.90891	2.61393E-4
1210.21021	2.64308E-4
1211.51151	2.67259E-4
1212.81281	2.70241E-4
1214.11411	2.7325E-4
1215.41542	2.76284E-4
1216.71672	2.79338E-4
1218.01802	2.82409E-4
1219.31932	2.85493E-4
1220.62062	2.88587E-4
1221.92192	2.91687E-4
1223.22322	2.94789E-4
1224.52452	2.9789E-4
1225.82583	3.00986E-4
1227.12713	3.04073E-4
1228.42843	3.07148E-4
1229.72973	3.10207E-4
1231.03103	3.13247E-4
1232.33233	3.16265E-4
1233.63363	3.19256E-4
1234.93493	3.22217E-4
1236.23624	3.25145E-4
1237.53754	3.28037E-4
1238.83884	3.30889E-4
1240.14014	3.33698E-4
1241.44144	3.36461E-4
1242.74274	3.39175E-4
1244.04404	3.41836E-4
1245.34535	3.44442E-4
1246.64665	3.4699E-4
1247.94795	3.49477E-4
1249.24925	3.51901E-4
1250.55055	3.54258E-4
1251.85185	3.56545E-4
1253.15315	3.58762E-4
1254.45445	3.60904E-4
1255.75576	3.6297E-4
1257.05706	3.64958E-4
1258.35836	3.66865E-4
1259.65966	3.6869E-4
1260.96096	3.7043E-4
1262.26226	3.72084E-4
1263.56356	3.7365E-4
1264.86486	3.75126E-4
1266.16617	3.76511E-4
1267.46747	3.77803E-4
1268.76877	3.79002E-4
1270.07007	3.80106E-4
1271.37137	3.81114E-4
1272.67267	3.82025E-4
1273.97397	3.82838E-4
1275.27528	3.83553E-4
1276.57658	3.84169E-4
1277.87788	3.84686E-4
1279.17918	3.85103E-4
1280.48048	3.8542E-4
1281.78178	3.85637E-4
1283.08308	3.85753E-4
1284.38438	3.8577E-4
1285.68569	3.85687E-4
1286.98699	3.85505E-4
1288.28829	3.85224E-4
1289.58959	3.84844E-4
1290.89089	3.84367E-4
1292.19219	3.83794E-4
1293.49349	3.83124E-4
1294.79479	3.8236E-4
1296.0961	3.81502E-4
1297.3974	3.80551E-4
1298.6987	3.7951E-4
1300	3.78379E-4
