# Flux (Phi0), E_1e (GHz)
0.000e+00 1.550e+01
1.667e-02 1.525e+01
3.333e-02 1.480e+01
5.000e-02 1.440e+01
6.667e-02 1.385e+01
8.333e-02 1.340e+01
1.000e-01 1.285e+01
1.167e-01 1.230e+01
1.333e-01 1.180e+01
1.500e-01 1.128e+01
1.667e-01 1.078e+01
1.833e-01 1.035e+01
2.333e-01 8.800e+00
2.500e-01 8.350e+00
2.667e-01 7.800e+00
2.750e-01 7.500e+00
3.042e-01 6.700e+00
3.083e-01 6.600e+00
3.125e-01 6.400e+00
3.167e-01 6.300e+00
3.333e-01 5.700e+00
3.667e-01 4.500e+00
3.833e-01 4.270e+00
4.000e-01 3.800e+00
4.167e-01 3.370e+00
4.333e-01 2.000e+00
4.667e-01 1.000e+00
4.833e-01 5.000e-01
5.000e-01 5.000e-01
