50	6.32845E-4
130.08008	6.28636E-4
210.16016	6.24454E-4
290.24024	6.203E-4
370.32032	6.16174E-4
450.4004	6.12076E-4
530.48048	6.08004E-4
610.56056	6.0396E-4
690.64064	5.99942E-4
770.72072	5.95951E-4
850.8008	5.91987E-4
930.88088	5.88049E-4
1010.96096	5.84138E-4
1091.04104	5.80252E-4
1171.12112	5.76392E-4
1251.2012	5.72558E-4
1331.28128	5.6875E-4
1411.36136	5.64966E-4
1491.44144	5.61208E-4
1571.52152	5.57475E-4
1651.6016	5.53767E-4
1731.68168	5.50083E-4
1811.76176	5.46424E-4
1891.84184	5.4279E-4
1971.92192	5.39179E-4
2052.002	5.35592E-4
2132.08208	5.3203E-4
2212.16216	5.28491E-4
2292.24224	5.24975E-4
2372.32232	5.21483E-4
2452.4024	5.18014E-4
2532.48248	5.14569E-4
2612.56256	5.11146E-4
2692.64264	5.07746E-4
2772.72272	5.04368E-4
2852.8028	5.01013E-4
2932.88288	4.9768E-4
3012.96296	4.9437E-4
3093.04304	4.91081E-4
3173.12312	4.87815E-4
3253.2032	4.8457E-4
3333.28328	4.81347E-4
3413.36336	4.78145E-4
3493.44344	4.74964E-4
3573.52352	4.71805E-4
3653.6036	4.68666E-4
3733.68368	4.65549E-4
3813.76376	4.62452E-4
3893.84384	4.59376E-4
3973.92392	4.5632E-4
4054.004	4.53285E-4
4134.08408	4.5027E-4
4214.16416	4.47274E-4
4294.24424	4.44299E-4
4374.32432	4.41344E-4
4454.4044	4.38408E-4
4534.48448	4.35492E-4
4614.56456	4.32595E-4
4694.64464	4.29717E-4
4774.72472	4.26859E-4
4854.8048	4.24019E-4
4934.88488	4.21199E-4
5014.96496	4.18397E-4
5095.04505	4.15614E-4
5175.12513	4.12849E-4
5255.20521	4.10103E-4
5335.28529	4.07375E-4
5415.36537	4.04665E-4
5495.44545	4.01974E-4
5575.52553	3.993E-4
5655.60561	3.96644E-4
5735.68569	3.94005E-4
5815.76577	3.91384E-4
5895.84585	3.88781E-4
5975.92593	3.86195E-4
6056.00601	3.83626E-4
6136.08609	3.81074E-4
6216.16617	3.78539E-4
6296.24625	3.76021E-4
6376.32633	3.7352E-4
6456.40641	3.71035E-4
6536.48649	3.68567E-4
6616.56657	3.66116E-4
6696.64665	3.6368E-4
6776.72673	3.61261E-4
6856.80681	3.58858E-4
6936.88689	3.56471E-4
7016.96697	3.541E-4
7097.04705	3.51744E-4
7177.12713	3.49404E-4
7257.20721	3.4708E-4
7337.28729	3.44771E-4
7417.36737	3.42478E-4
7497.44745	3.402E-4
7577.52753	3.37937E-4
7657.60761	3.35689E-4
7737.68769	3.33456E-4
7817.76777	3.31238E-4
7897.84785	3.29035E-4
7977.92793	3.26846E-4
8058.00801	3.24672E-4
8138.08809	3.22512E-4
8218.16817	3.20367E-4
8298.24825	3.18236E-4
8378.32833	3.16119E-4
8458.40841	3.14016E-4
8538.48849	3.11927E-4
8618.56857	3.09852E-4
8698.64865	3.07791E-4
8778.72873	3.05744E-4
8858.80881	3.0371E-4
8938.88889	3.0169E-4
9018.96897	2.99683E-4
9099.04905	2.9769E-4
9179.12913	2.95709E-4
9259.20921	2.93742E-4
9339.28929	2.91788E-4
9419.36937	2.89847E-4
9499.44945	2.87919E-4
9579.52953	2.86004E-4
9659.60961	2.84102E-4
9739.68969	2.82212E-4
9819.76977	2.80335E-4
9899.84985	2.7847E-4
9979.92993	2.76618E-4
10060.01001	2.74778E-4
10140.09009	2.7295E-4
10220.17017	2.71134E-4
10300.25025	2.69331E-4
10380.33033	2.67539E-4
10460.41041	2.65759E-4
10540.49049	2.63992E-4
10620.57057	2.62236E-4
10700.65065	2.60491E-4
10780.73073	2.58758E-4
10860.81081	2.57037E-4
10940.89089	2.55327E-4
11020.97097	2.53629E-4
11101.05105	2.51942E-4
11181.13113	2.50266E-4
11261.21121	2.48601E-4
11341.29129	2.46948E-4
11421.37137	2.45305E-4
11501.45145	2.43673E-4
11581.53153	2.42052E-4
11661.61161	2.40442E-4
11741.69169	2.38843E-4
11821.77177	2.37254E-4
11901.85185	2.35676E-4
11981.93193	2.34108E-4
12062.01201	2.32551E-4
12142.09209	2.31004E-4
12222.17217	2.29467E-4
12302.25225	2.27941E-4
12382.33233	2.26425E-4
12462.41241	2.24919E-4
12542.49249	2.23422E-4
12622.57257	2.21936E-4
12702.65265	2.2046E-4
12782.73273	2.18993E-4
12862.81281	2.17537E-4
12942.89289	2.1609E-4
13022.97297	2.14652E-4
13103.05305	2.13224E-4
13183.13313	2.11806E-4
13263.21321	2.10397E-4
13343.29329	2.08998E-4
13423.37337	2.07607E-4
13503.45345	2.06226E-4
13583.53353	2.04855E-4
13663.61361	2.03492E-4
13743.69369	2.02138E-4
13823.77377	2.00794E-4
13903.85385	1.99458E-4
13983.93393	1.98131E-4
14064.01401	1.96813E-4
14144.09409	1.95504E-4
14224.17417	1.94204E-4
14304.25425	1.92912E-4
14384.33433	1.91629E-4
14464.41441	1.90354E-4
14544.49449	1.89088E-4
14624.57457	1.8783E-4
14704.65465	1.86581E-4
14784.73473	1.85339E-4
14864.81481	1.84107E-4
14944.89489	1.82882E-4
15024.97497	1.81665E-4
15105.05506	1.80457E-4
15185.13514	1.79257E-4
15265.21522	1.78064E-4
15345.2953	1.7688E-4
15425.37538	1.75703E-4
15505.45546	1.74534E-4
15585.53554	1.73373E-4
15665.61562	1.7222E-4
15745.6957	1.71075E-4
15825.77578	1.69937E-4
15905.85586	1.68806E-4
15985.93594	1.67683E-4
16066.01602	1.66568E-4
16146.0961	1.6546E-4
16226.17618	1.64359E-4
16306.25626	1.63266E-4
16386.33634	1.6218E-4
16466.41642	1.61101E-4
16546.4965	1.6003E-4
16626.57658	1.58965E-4
16706.65666	1.57908E-4
16786.73674	1.56857E-4
16866.81682	1.55814E-4
16946.8969	1.54777E-4
17026.97698	1.53748E-4
17107.05706	1.52725E-4
17187.13714	1.51709E-4
17267.21722	1.507E-4
17347.2973	1.49698E-4
17427.37738	1.48702E-4
17507.45746	1.47713E-4
17587.53754	1.4673E-4
17667.61762	1.45754E-4
17747.6977	1.44785E-4
17827.77778	1.43821E-4
17907.85786	1.42865E-4
17987.93794	1.41914E-4
18068.01802	1.4097E-4
18148.0981	1.40033E-4
18228.17818	1.39101E-4
18308.25826	1.38176E-4
18388.33834	1.37257E-4
18468.41842	1.36344E-4
18548.4985	1.35437E-4
18628.57858	1.34536E-4
18708.65866	1.33641E-4
18788.73874	1.32752E-4
18868.81882	1.31869E-4
18948.8989	1.30992E-4
19028.97898	1.30121E-4
19109.05906	1.29255E-4
19189.13914	1.28395E-4
19269.21922	1.27541E-4
19349.2993	1.26693E-4
19429.37938	1.2585E-4
19509.45946	1.25013E-4
19589.53954	1.24181E-4
19669.61962	1.23355E-4
19749.6997	1.22535E-4
19829.77978	1.2172E-4
19909.85986	1.2091E-4
19989.93994	1.20106E-4
20070.02002	1.19307E-4
20150.1001	1.18513E-4
20230.18018	1.17725E-4
20310.26026	1.16942E-4
20390.34034	1.16164E-4
20470.42042	1.15391E-4
20550.5005	1.14624E-4
20630.58058	1.13861E-4
20710.66066	1.13104E-4
20790.74074	1.12351E-4
20870.82082	1.11604E-4
20950.9009	1.10862E-4
21030.98098	1.10124E-4
21111.06106	1.09392E-4
21191.14114	1.08664E-4
21271.22122	1.07941E-4
21351.3013	1.07223E-4
21431.38138	1.0651E-4
21511.46146	1.05801E-4
21591.54154	1.05098E-4
21671.62162	1.04398E-4
21751.7017	1.03704E-4
21831.78178	1.03014E-4
21911.86186	1.02329E-4
21991.94194	1.01648E-4
22072.02202	1.00972E-4
22152.1021	1.003E-4
22232.18218	9.96333E-5
22312.26226	9.89705E-5
22392.34234	9.83122E-5
22472.42242	9.76582E-5
22552.5025	9.70086E-5
22632.58258	9.63633E-5
22712.66266	9.57223E-5
22792.74274	9.50856E-5
22872.82282	9.44531E-5
22952.9029	9.38248E-5
23032.98298	9.32007E-5
23113.06306	9.25807E-5
23193.14314	9.19649E-5
23273.22322	9.13532E-5
23353.3033	9.07455E-5
23433.38338	9.01419E-5
23513.46346	8.95423E-5
23593.54354	8.89466E-5
23673.62362	8.8355E-5
23753.7037	8.77672E-5
23833.78378	8.71834E-5
23913.86386	8.66035E-5
23993.94394	8.60274E-5
24074.02402	8.54552E-5
24154.1041	8.48867E-5
24234.18418	8.43221E-5
24314.26426	8.37612E-5
24394.34434	8.3204E-5
24474.42442	8.26505E-5
24554.5045	8.21007E-5
24634.58458	8.15546E-5
24714.66466	8.10121E-5
24794.74474	8.04732E-5
24874.82482	7.99379E-5
24954.9049	7.94062E-5
25034.98498	7.8878E-5
25115.06507	7.83533E-5
25195.14515	7.78321E-5
25275.22523	7.73144E-5
25355.30531	7.68001E-5
25435.38539	7.62892E-5
25515.46547	7.57818E-5
25595.54555	7.52777E-5
25675.62563	7.47769E-5
25755.70571	7.42795E-5
25835.78579	7.37854E-5
25915.86587	7.32946E-5
25995.94595	7.28071E-5
26076.02603	7.23228E-5
26156.10611	7.18417E-5
26236.18619	7.13638E-5
26316.26627	7.08891E-5
26396.34635	7.04175E-5
26476.42643	6.99491E-5
26556.50651	6.94838E-5
26636.58659	6.90216E-5
26716.66667	6.85625E-5
26796.74675	6.81064E-5
26876.82683	6.76534E-5
26956.90691	6.72034E-5
27036.98699	6.67564E-5
27117.06707	6.63123E-5
27197.14715	6.58712E-5
27277.22723	6.5433E-5
27357.30731	6.49978E-5
27437.38739	6.45654E-5
27517.46747	6.41359E-5
27597.54755	6.37093E-5
27677.62763	6.32855E-5
27757.70771	6.28646E-5
27837.78779	6.24464E-5
27917.86787	6.2031E-5
27997.94795	6.16184E-5
28078.02803	6.12085E-5
28158.10811	6.08013E-5
28238.18819	6.03969E-5
28318.26827	5.99951E-5
28398.34835	5.95961E-5
28478.42843	5.91996E-5
28558.50851	5.88059E-5
28638.58859	5.84147E-5
28718.66867	5.80261E-5
28798.74875	5.76401E-5
28878.82883	5.72567E-5
28958.90891	5.68758E-5
29038.98899	5.64975E-5
29119.06907	5.61217E-5
29199.14915	5.57484E-5
29279.22923	5.53776E-5
29359.30931	5.50092E-5
29439.38939	5.46433E-5
29519.46947	5.42798E-5
29599.54955	5.39187E-5
29679.62963	5.35601E-5
29759.70971	5.32038E-5
29839.78979	5.28499E-5
29919.86987	5.24983E-5
29999.94995	5.21491E-5
30080.03003	5.18022E-5
30160.11011	5.14576E-5
30240.19019	5.11154E-5
30320.27027	5.07753E-5
30400.35035	5.04376E-5
30480.43043	5.01021E-5
30560.51051	4.97688E-5
30640.59059	4.94378E-5
30720.67067	4.91089E-5
30800.75075	4.87822E-5
30880.83083	4.84577E-5
30960.91091	4.81354E-5
31040.99099	4.78152E-5
31121.07107	4.74971E-5
31201.15115	4.71812E-5
31281.23123	4.68674E-5
31361.31131	4.65556E-5
31441.39139	4.62459E-5
31521.47147	4.59383E-5
31601.55155	4.56327E-5
31681.63163	4.53292E-5
31761.71171	4.50276E-5
31841.79179	4.47281E-5
31921.87187	4.44306E-5
32001.95195	4.41351E-5
32082.03203	4.38415E-5
32162.11211	4.35498E-5
32242.19219	4.32602E-5
32322.27227	4.29724E-5
32402.35235	4.26865E-5
32482.43243	4.24026E-5
32562.51251	4.21205E-5
32642.59259	4.18404E-5
32722.67267	4.1562E-5
32802.75275	4.12856E-5
32882.83283	4.1011E-5
32962.91291	4.07382E-5
33042.99299	4.04672E-5
33123.07307	4.0198E-5
33203.15315	3.99306E-5
33283.23323	3.9665E-5
33363.31331	3.94011E-5
33443.39339	3.9139E-5
33523.47347	3.88787E-5
33603.55355	3.86201E-5
33683.63363	3.83632E-5
33763.71371	3.8108E-5
33843.79379	3.78545E-5
33923.87387	3.76027E-5
34003.95395	3.73526E-5
34084.03403	3.71041E-5
34164.11411	3.68573E-5
34244.19419	3.66121E-5
34324.27427	3.63686E-5
34404.35435	3.61267E-5
34484.43443	3.58863E-5
34564.51451	3.56476E-5
34644.59459	3.54105E-5
34724.67467	3.5175E-5
34804.75475	3.4941E-5
34884.83483	3.47086E-5
34964.91491	3.44777E-5
35044.99499	3.42483E-5
35125.07508	3.40205E-5
35205.15516	3.37942E-5
35285.23524	3.35694E-5
35365.31532	3.33461E-5
35445.3954	3.31243E-5
35525.47548	3.2904E-5
35605.55556	3.26851E-5
35685.63564	3.24677E-5
35765.71572	3.22517E-5
35845.7958	3.20372E-5
35925.87588	3.18241E-5
36005.95596	3.16124E-5
36086.03604	3.14021E-5
36166.11612	3.11932E-5
36246.1962	3.09857E-5
36326.27628	3.07796E-5
36406.35636	3.05749E-5
36486.43644	3.03715E-5
36566.51652	3.01695E-5
36646.5966	2.99688E-5
36726.67668	2.97694E-5
36806.75676	2.95714E-5
36886.83684	2.93747E-5
36966.91692	2.91793E-5
37046.997	2.89852E-5
37127.07708	2.87924E-5
37207.15716	2.86009E-5
37287.23724	2.84106E-5
37367.31732	2.82216E-5
37447.3974	2.80339E-5
37527.47748	2.78474E-5
37607.55756	2.76622E-5
37687.63764	2.74782E-5
37767.71772	2.72954E-5
37847.7978	2.71138E-5
37927.87788	2.69335E-5
38007.95796	2.67543E-5
38088.03804	2.65763E-5
38168.11812	2.63996E-5
38248.1982	2.6224E-5
38328.27828	2.60495E-5
38408.35836	2.58762E-5
38488.43844	2.57041E-5
38568.51852	2.55331E-5
38648.5986	2.53633E-5
38728.67868	2.51946E-5
38808.75876	2.5027E-5
38888.83884	2.48605E-5
38968.91892	2.46951E-5
39048.999	2.45309E-5
39129.07908	2.43677E-5
39209.15916	2.42056E-5
39289.23924	2.40446E-5
39369.31932	2.38846E-5
39449.3994	2.37258E-5
39529.47948	2.35679E-5
39609.55956	2.34112E-5
39689.63964	2.32554E-5
39769.71972	2.31008E-5
39849.7998	2.29471E-5
39929.87988	2.27944E-5
40009.95996	2.26428E-5
40090.04004	2.24922E-5
40170.12012	2.23426E-5
40250.2002	2.2194E-5
40330.28028	2.20463E-5
40410.36036	2.18997E-5
40490.44044	2.1754E-5
40570.52052	2.16093E-5
40650.6006	2.14656E-5
40730.68068	2.13228E-5
40810.76076	2.11809E-5
40890.84084	2.104E-5
40970.92092	2.09001E-5
41051.001	2.07611E-5
41131.08108	2.0623E-5
41211.16116	2.04858E-5
41291.24124	2.03495E-5
41371.32132	2.02142E-5
41451.4014	2.00797E-5
41531.48148	1.99461E-5
41611.56156	1.98134E-5
41691.64164	1.96816E-5
41771.72172	1.95507E-5
41851.8018	1.94207E-5
41931.88188	1.92915E-5
42011.96196	1.91632E-5
42092.04204	1.90357E-5
42172.12212	1.89091E-5
42252.2022	1.87833E-5
42332.28228	1.86583E-5
42412.36236	1.85342E-5
42492.44244	1.84109E-5
42572.52252	1.82885E-5
42652.6026	1.81668E-5
42732.68268	1.8046E-5
42812.76276	1.79259E-5
42892.84284	1.78067E-5
42972.92292	1.76883E-5
43053.003	1.75706E-5
43133.08308	1.74537E-5
43213.16316	1.73376E-5
43293.24324	1.72223E-5
43373.32332	1.71077E-5
43453.4034	1.69939E-5
43533.48348	1.68809E-5
43613.56356	1.67686E-5
43693.64364	1.66571E-5
43773.72372	1.65462E-5
43853.8038	1.64362E-5
43933.88388	1.63269E-5
44013.96396	1.62182E-5
44094.04404	1.61104E-5
44174.12412	1.60032E-5
44254.2042	1.58968E-5
44334.28428	1.5791E-5
44414.36436	1.5686E-5
44494.44444	1.55816E-5
44574.52452	1.5478E-5
44654.6046	1.5375E-5
44734.68468	1.52727E-5
44814.76476	1.51712E-5
44894.84484	1.50702E-5
44974.92492	1.497E-5
45055.00501	1.48704E-5
45135.08509	1.47715E-5
45215.16517	1.46732E-5
45295.24525	1.45756E-5
45375.32533	1.44787E-5
45455.40541	1.43824E-5
45535.48549	1.42867E-5
45615.56557	1.41917E-5
45695.64565	1.40973E-5
45775.72573	1.40035E-5
45855.80581	1.39103E-5
45935.88589	1.38178E-5
46015.96597	1.37259E-5
46096.04605	1.36346E-5
46176.12613	1.35439E-5
46256.20621	1.34538E-5
46336.28629	1.33643E-5
46416.36637	1.32754E-5
46496.44645	1.31871E-5
46576.52653	1.30994E-5
46656.60661	1.30123E-5
46736.68669	1.29257E-5
46816.76677	1.28397E-5
46896.84685	1.27543E-5
46976.92693	1.26695E-5
47057.00701	1.25852E-5
47137.08709	1.25015E-5
47217.16717	1.24183E-5
47297.24725	1.23357E-5
47377.32733	1.22537E-5
47457.40741	1.21721E-5
47537.48749	1.20912E-5
47617.56757	1.20107E-5
47697.64765	1.19309E-5
47777.72773	1.18515E-5
47857.80781	1.17727E-5
47937.88789	1.16943E-5
48017.96797	1.16166E-5
48098.04805	1.15393E-5
48178.12813	1.14625E-5
48258.20821	1.13863E-5
48338.28829	1.13105E-5
48418.36837	1.12353E-5
48498.44845	1.11606E-5
48578.52853	1.10863E-5
48658.60861	1.10126E-5
48738.68869	1.09393E-5
48818.76877	1.08666E-5
48898.84885	1.07943E-5
48978.92893	1.07225E-5
49059.00901	1.06512E-5
49139.08909	1.05803E-5
49219.16917	1.05099E-5
49299.24925	1.044E-5
49379.32933	1.03706E-5
49459.40941	1.03016E-5
49539.48949	1.02331E-5
49619.56957	1.0165E-5
49699.64965	1.00974E-5
49779.72973	1.00302E-5
49859.80981	9.96348E-6
49939.88989	9.89721E-6
50019.96997	9.83137E-6
50100.05005	9.76597E-6
50180.13013	9.70101E-6
50260.21021	9.63648E-6
50340.29029	9.57238E-6
50420.37037	9.50871E-6
50500.45045	9.44546E-6
50580.53053	9.38263E-6
50660.61061	9.32021E-6
50740.69069	9.25822E-6
50820.77077	9.19663E-6
50900.85085	9.13546E-6
50980.93093	9.07469E-6
51061.01101	9.01433E-6
51141.09109	8.95436E-6
51221.17117	8.8948E-6
51301.25125	8.83563E-6
51381.33133	8.77686E-6
51461.41141	8.71848E-6
51541.49149	8.66048E-6
51621.57157	8.60287E-6
51701.65165	8.54565E-6
51781.73173	8.4888E-6
51861.81181	8.43234E-6
51941.89189	8.37625E-6
52021.97197	8.32053E-6
52102.05205	8.26518E-6
52182.13213	8.2102E-6
52262.21221	8.15559E-6
52342.29229	8.10134E-6
52422.37237	8.04745E-6
52502.45245	7.99392E-6
52582.53253	7.94074E-6
52662.61261	7.88792E-6
52742.69269	7.83545E-6
52822.77277	7.78333E-6
52902.85285	7.73156E-6
52982.93293	7.68013E-6
53063.01301	7.62904E-6
53143.09309	7.57829E-6
53223.17317	7.52788E-6
53303.25325	7.47781E-6
53383.33333	7.42807E-6
53463.41341	7.37866E-6
53543.49349	7.32957E-6
53623.57357	7.28082E-6
53703.65365	7.23239E-6
53783.73373	7.18428E-6
53863.81381	7.13649E-6
53943.89389	7.08902E-6
54023.97397	7.04186E-6
54104.05405	6.99502E-6
54184.13413	6.94849E-6
54264.21421	6.90227E-6
54344.29429	6.85636E-6
54424.37437	6.81075E-6
54504.45445	6.76545E-6
54584.53453	6.72044E-6
54664.61461	6.67574E-6
54744.69469	6.63133E-6
54824.77477	6.58722E-6
54904.85485	6.5434E-6
54984.93493	6.49988E-6
55065.01502	6.45664E-6
55145.0951	6.41369E-6
55225.17518	6.37103E-6
55305.25526	6.32865E-6
55385.33534	6.28655E-6
55465.41542	6.24473E-6
55545.4955	6.2032E-6
55625.57558	6.16193E-6
55705.65566	6.12094E-6
55785.73574	6.08023E-6
55865.81582	6.03978E-6
55945.8959	5.99961E-6
56025.97598	5.9597E-6
56106.05606	5.92006E-6
56186.13614	5.88068E-6
56266.21622	5.84156E-6
56346.2963	5.8027E-6
56426.37638	5.7641E-6
56506.45646	5.72576E-6
56586.53654	5.68767E-6
56666.61662	5.64984E-6
56746.6967	5.61226E-6
56826.77678	5.57492E-6
56906.85686	5.53784E-6
56986.93694	5.501E-6
57067.01702	5.46441E-6
57147.0971	5.42806E-6
57227.17718	5.39196E-6
57307.25726	5.35609E-6
57387.33734	5.32046E-6
57467.41742	5.28507E-6
57547.4975	5.24991E-6
57627.57758	5.21499E-6
57707.65766	5.1803E-6
57787.73774	5.14584E-6
57867.81782	5.11161E-6
57947.8979	5.07761E-6
58027.97798	5.04384E-6
58108.05806	5.01029E-6
58188.13814	4.97696E-6
58268.21822	4.94385E-6
58348.2983	4.91097E-6
58428.37838	4.8783E-6
58508.45846	4.84585E-6
58588.53854	4.81361E-6
58668.61862	4.78159E-6
58748.6987	4.74979E-6
58828.77878	4.71819E-6
58908.85886	4.68681E-6
58988.93894	4.65563E-6
59069.01902	4.62466E-6
59149.0991	4.5939E-6
59229.17918	4.56334E-6
59309.25926	4.53299E-6
59389.33934	4.50283E-6
59469.41942	4.47288E-6
59549.4995	4.44313E-6
59629.57958	4.41357E-6
59709.65966	4.38421E-6
59789.73974	4.35505E-6
59869.81982	4.32608E-6
59949.8999	4.29731E-6
60029.97998	4.26872E-6
60110.06006	4.24033E-6
60190.14014	4.21212E-6
60270.22022	4.1841E-6
60350.3003	4.15627E-6
60430.38038	4.12862E-6
60510.46046	4.10116E-6
60590.54054	4.07388E-6
60670.62062	4.04678E-6
60750.7007	4.01986E-6
60830.78078	3.99312E-6
60910.86086	3.96656E-6
60990.94094	3.94017E-6
61071.02102	3.91396E-6
61151.1011	3.88793E-6
61231.18118	3.86207E-6
61311.26126	3.83638E-6
61391.34134	3.81086E-6
61471.42142	3.78551E-6
61551.5015	3.76033E-6
61631.58158	3.73531E-6
61711.66166	3.71047E-6
61791.74174	3.68579E-6
61871.82182	3.66127E-6
61951.9019	3.63691E-6
62031.98198	3.61272E-6
62112.06206	3.58869E-6
62192.14214	3.56482E-6
62272.22222	3.54111E-6
62352.3023	3.51755E-6
62432.38238	3.49415E-6
62512.46246	3.47091E-6
62592.54254	3.44782E-6
62672.62262	3.42489E-6
62752.7027	3.4021E-6
62832.78278	3.37947E-6
62912.86286	3.35699E-6
62992.94294	3.33466E-6
63073.02302	3.31248E-6
63153.1031	3.29045E-6
63233.18318	3.26856E-6
63313.26326	3.24682E-6
63393.34334	3.22522E-6
63473.42342	3.20377E-6
63553.5035	3.18246E-6
63633.58358	3.16129E-6
63713.66366	3.14026E-6
63793.74374	3.11937E-6
63873.82382	3.09862E-6
63953.9039	3.07801E-6
64033.98398	3.05753E-6
64114.06406	3.03719E-6
64194.14414	3.01699E-6
64274.22422	2.99692E-6
64354.3043	2.97699E-6
64434.38438	2.95718E-6
64514.46446	2.93751E-6
64594.54454	2.91797E-6
64674.62462	2.89856E-6
64754.7047	2.87928E-6
64834.78478	2.86013E-6
64914.86486	2.84111E-6
64994.94494	2.82221E-6
65075.02503	2.80343E-6
65155.10511	2.78479E-6
65235.18519	2.76626E-6
65315.26527	2.74786E-6
65395.34535	2.72958E-6
65475.42543	2.71142E-6
65555.50551	2.69339E-6
65635.58559	2.67547E-6
65715.66567	2.65768E-6
65795.74575	2.64E-6
65875.82583	2.62244E-6
65955.90591	2.60499E-6
66035.98599	2.58766E-6
66116.06607	2.57045E-6
66196.14615	2.55335E-6
66276.22623	2.53637E-6
66356.30631	2.5195E-6
66436.38639	2.50274E-6
66516.46647	2.48609E-6
66596.54655	2.46955E-6
66676.62663	2.45312E-6
66756.70671	2.43681E-6
66836.78679	2.4206E-6
66916.86687	2.4045E-6
66996.94695	2.3885E-6
67077.02703	2.37261E-6
67157.10711	2.35683E-6
67237.18719	2.34115E-6
67317.26727	2.32558E-6
67397.34735	2.31011E-6
67477.42743	2.29474E-6
67557.50751	2.27948E-6
67637.58759	2.26432E-6
67717.66767	2.24926E-6
67797.74775	2.23429E-6
67877.82783	2.21943E-6
67957.90791	2.20467E-6
68037.98799	2.19E-6
68118.06807	2.17543E-6
68198.14815	2.16096E-6
68278.22823	2.14659E-6
68358.30831	2.13231E-6
68438.38839	2.11813E-6
68518.46847	2.10404E-6
68598.54855	2.09004E-6
68678.62863	2.07614E-6
68758.70871	2.06233E-6
68838.78879	2.04861E-6
68918.86887	2.03498E-6
68998.94895	2.02145E-6
69079.02903	2.008E-6
69159.10911	1.99464E-6
69239.18919	1.98137E-6
69319.26927	1.96819E-6
69399.34935	1.9551E-6
69479.42943	1.9421E-6
69559.50951	1.92918E-6
69639.58959	1.91635E-6
69719.66967	1.9036E-6
69799.74975	1.89094E-6
69879.82983	1.87836E-6
69959.90991	1.86586E-6
70039.98999	1.85345E-6
70120.07007	1.84112E-6
70200.15015	1.82888E-6
70280.23023	1.81671E-6
70360.31031	1.80463E-6
70440.39039	1.79262E-6
70520.47047	1.7807E-6
70600.55055	1.76885E-6
70680.63063	1.75709E-6
70760.71071	1.7454E-6
70840.79079	1.73379E-6
70920.87087	1.72225E-6
71000.95095	1.7108E-6
71081.03103	1.69942E-6
71161.11111	1.68811E-6
71241.19119	1.67689E-6
71321.27127	1.66573E-6
71401.35135	1.65465E-6
71481.43143	1.64364E-6
71561.51151	1.63271E-6
71641.59159	1.62185E-6
71721.67167	1.61106E-6
71801.75175	1.60034E-6
71881.83183	1.5897E-6
71961.91191	1.57913E-6
72041.99199	1.56862E-6
72122.07207	1.55819E-6
72202.15215	1.54782E-6
72282.23223	1.53753E-6
72362.31231	1.5273E-6
72442.39239	1.51714E-6
72522.47247	1.50705E-6
72602.55255	1.49702E-6
72682.63263	1.48706E-6
72762.71271	1.47717E-6
72842.79279	1.46735E-6
72922.87287	1.45759E-6
73002.95295	1.44789E-6
73083.03303	1.43826E-6
73163.11311	1.42869E-6
73243.19319	1.41919E-6
73323.27327	1.40975E-6
73403.35335	1.40037E-6
73483.43343	1.39106E-6
73563.51351	1.3818E-6
73643.59359	1.37261E-6
73723.67367	1.36348E-6
73803.75375	1.35441E-6
73883.83383	1.3454E-6
73963.91391	1.33645E-6
74043.99399	1.32756E-6
74124.07407	1.31873E-6
74204.15415	1.30996E-6
74284.23423	1.30125E-6
74364.31431	1.29259E-6
74444.39439	1.28399E-6
74524.47447	1.27545E-6
74604.55455	1.26697E-6
74684.63463	1.25854E-6
74764.71471	1.25017E-6
74844.79479	1.24185E-6
74924.87487	1.23359E-6
75004.95495	1.22538E-6
75085.03504	1.21723E-6
75165.11512	1.20914E-6
75245.1952	1.20109E-6
75325.27528	1.1931E-6
75405.35536	1.18517E-6
75485.43544	1.17728E-6
75565.51552	1.16945E-6
75645.5956	1.16167E-6
75725.67568	1.15395E-6
75805.75576	1.14627E-6
75885.83584	1.13865E-6
75965.91592	1.13107E-6
76045.996	1.12355E-6
76126.07608	1.11607E-6
76206.15616	1.10865E-6
76286.23624	1.10128E-6
76366.31632	1.09395E-6
76446.3964	1.08667E-6
76526.47648	1.07944E-6
76606.55656	1.07226E-6
76686.63664	1.06513E-6
76766.71672	1.05805E-6
76846.7968	1.05101E-6
76926.87688	1.04402E-6
77006.95696	1.03707E-6
77087.03704	1.03017E-6
77167.11712	1.02332E-6
77247.1972	1.01651E-6
77327.27728	1.00975E-6
77407.35736	1.00304E-6
77487.43744	9.96364E-7
77567.51752	9.89736E-7
77647.5976	9.83152E-7
77727.67768	9.76613E-7
77807.75776	9.70116E-7
77887.83784	9.63663E-7
77967.91792	9.57253E-7
78047.998	9.50885E-7
78128.07808	9.4456E-7
78208.15816	9.38277E-7
78288.23824	9.32036E-7
78368.31832	9.25836E-7
78448.3984	9.19677E-7
78528.47848	9.1356E-7
78608.55856	9.07483E-7
78688.63864	9.01446E-7
78768.71872	8.9545E-7
78848.7988	8.89494E-7
78928.87888	8.83577E-7
79008.95896	8.77699E-7
79089.03904	8.71861E-7
79169.11912	8.66061E-7
79249.1992	8.60301E-7
79329.27928	8.54578E-7
79409.35936	8.48893E-7
79489.43944	8.43247E-7
79569.51952	8.37637E-7
79649.5996	8.32066E-7
79729.67968	8.26531E-7
79809.75976	8.21033E-7
79889.83984	8.15571E-7
79969.91992	8.10146E-7
80050	8.04757E-7
